250.687546	14.831514	53.073353	13.908673	65.382126	18.852173	36.783039	18.38246	40.732655
252.27832	15.030485	52.441917	13.872079	65.521759	18.862778	36.824821	18.340536	40.784019
253.86911	14.895096	53.118595	13.836418	65.654533	18.873619	37.256737	18.299986	40.8316
255.45993	14.911873	53.80838	13.801735	65.780853	18.904022	37.345554	18.260809	40.875793
257.050751	14.918351	54.44677	13.76833	65.898567	18.878235	37.886112	18.223433	40.915565
258.641602	14.943619	55.172867	13.736433	66.006783	18.656252	38.516102	18.188124	40.950665
260.232483	14.903027	55.168159	13.706321	66.104744	18.740751	38.521847	18.155169	40.980976
261.823364	14.842114	56.67564	13.678337	66.191673	18.818398	38.694401	18.124912	41.006435
263.414276	14.891639	56.666077	13.652914	66.266663	18.734312	39.052326	18.097788	41.027023
265.005188	14.90799	56.93317	13.630571	66.328934	18.713753	39.855713	18.074293	41.04287
266.59613	14.743024	57.884052	13.611929	66.377846	18.614498	39.838306	18.054993	41.054333
268.187103	14.961286	58.077839	13.59771	66.413033	18.668859	40.43718	18.040527	41.062038
269.778076	14.921415	57.948792	13.588716	66.434822	18.650291	40.892838	18.031546	41.067165
271.36908	15.145429	57.436901	13.585695	66.445686	18.499437	40.673809	18.028486	41.072216
272.960083	14.935265	59.932671	13.589871	66.444763	18.493496	41.443245	18.032469	41.078049
274.551117	15.091978	59.951839	13.602403	66.433693	18.425163	42.163006	18.044365	41.087067
276.142151	15.084165	59.471119	13.623996	66.420013	18.559258	41.875076	18.064184	41.105019
277.733215	15.221963	60.54863	13.656245	66.403923	18.592094	42.520252	18.093304	41.133854
279.32431	15.003743	61.727398	13.699953	66.394112	18.503162	42.842041	18.131731	41.180187
280.915405	14.946275	61.011276	13.756274	66.396431	18.495716	42.970325	18.18001	41.249157
282.5065	15.000147	61.662945	13.825795	66.421158	18.386869	43.895252	18.237825	41.348186
284.097626	15.205571	62.657433	13.909278	66.475914	18.58514	43.715324	18.30522	41.483139
285.688782	14.81175	63.094589	14.006098	66.576309	18.180248	44.893646	18.380386	41.663654
287.279907	15.064598	62.821289	14.116347	66.728958	18.311934	44.59198	18.462845	41.894279
288.871063	15.149998	64.181259	14.238622	66.946693	18.570864	44.76292	18.550316	42.18214
290.46225	14.940351	65.103386	14.370561	67.242531	18.54504	44.587627	18.63965	42.53368
292.053436	14.810347	64.487289	14.510224	67.621315	18.266575	45.670956	18.72871	42.950542
293.644653	14.879449	65.521416	14.654602	68.089142	18.182705	46.022404	18.814306	43.434284
295.23587	15.129744	67.020126	14.800221	68.649414	18.024446	47.301834	18.893034	43.984371
296.827087	14.822152	67.85054	14.943431	69.302277	18.106163	47.216774	18.961575	44.598034
298.418335	14.681458	67.46463	15.080229	70.046257	18.056597	47.527882	19.016413	45.27108
300.009583	14.875675	68.917404	15.207628	70.873901	18.030527	48.181965	19.055391	45.99625
301.600861	15.193336	68.186684	15.322605	71.777367	18.028364	48.513569	19.076347	46.765781
303.192139	15.102743	67.708191	15.422628	72.747345	18.057396	48.873985	19.077681	47.571148
304.783417	15.144224	70.064278	15.505737	73.773598	17.782488	49.558002	19.058378	48.403473
306.374725	14.779835	70.810944	15.570591	74.845474	17.989481	49.842289	19.018028	49.253891
307.966034	15.008359	70.887344	15.616093	75.953255	17.770105	49.903542	18.956381	50.114086
309.557373	14.965709	71.500336	15.641943	77.087013	17.78721	51.181778	18.873938	50.97612
311.148682	14.676812	73.304939	15.648594	78.237053	17.743679	51.649712	18.771877	51.832752
312.740051	14.638189	73.0159	15.636704	79.395203	17.692265	51.208984	18.651468	52.677837
314.33136	14.693668	75.008194	15.607203	80.55426	17.579344	51.92403	18.514162	53.506039
315.92276	14.836621	74.697975	15.561007	81.708549	17.390362	53.849888	18.361301	54.312996
317.514099	14.784368	75.667831	15.497774	82.855202	17.333534	53.843967	18.192888	55.094673
319.105499	14.884066	76.826431	15.420356	83.987526	17.349955	54.28038	18.012115	55.848183
320.696869	14.780611	76.117149	15.330116	85.10228	17.170748	54.674004	17.820572	56.571388
322.288269	14.810255	78.097153	15.22663	86.199089	17.015644	55.699348	17.618027	57.261818
323.879669	14.591922	79.171509	15.111959	87.273651	16.875269	55.910027	17.406822	57.917435
325.471069	14.473245	80.101509	14.987915	88.324844	16.660257	57.303711	17.188778	58.538456
327.0625	14.645159	81.886124	14.853374	89.353127	16.657955	57.011654	16.963015	59.121952
328.6539	14.439901	81.488808	14.712546	90.354813	16.472977	58.229557	16.733713	59.670017
330.245331	14.24979	82.354897	14.561707	91.332764	16.357847	59.072445	16.497507	60.177433
331.836792	14.349492	85.200447	14.406135	92.283272	16.207573	59.643108	16.259508	60.648384
333.428223	13.999286	83.785522	14.243278	93.208275	16.187757	59.845554	16.017477	61.078671
335.019684	14.094733	84.367134	14.076596	94.105843	15.787492	60.502735	15.77476	61.471375
336.611145	13.857424	85.485497	13.903489	94.97776	15.685344	60.379097	15.5291	61.821789
338.202576	13.868999	87.111877	13.727214	95.822578	15.535117	62.394733	15.283611	62.133362
339.794037	13.771809	88.739799	13.54668	96.641174	15.229342	62.013115	15.037439	62.403294
341.385529	13.651883	88.950119	13.362069	97.433891	15.001503	62.785744	14.790894	62.630608
342.97699	13.219925	89.263611	13.174679	98.200516	14.735332	63.912262	14.545304	62.816231
344.568481	13.069995	90.966263	12.982622	98.941208	14.491734	63.294907	14.299346	62.95443
346.159973	12.636508	92.089462	12.785871	99.654472	14.216832	63.368744	14.053539	63.041874
347.751434	12.479811	93.665527	12.584251	100.336372	14.097434	63.13982	13.808702	63.073055
349.342957	12.225363	93.358849	12.376241	100.978653	13.650876	64.323212	13.56524	63.036205
350.934418	12.064783	94.530975	12.159155	101.565598	13.505466	63.587456	13.32376	62.911465
352.52594	11.926917	95.426636	11.934169	102.071869	13.081148	63.541798	13.089294	62.683498
354.117401	11.562505	94.092972	11.703057	102.460701	12.875886	64.356529	12.868651	62.334389
355.708923	11.426599	94.916374	11.471215	102.685432	12.663416	64.247208	12.672185	61.855587
357.300415	11.230261	94.438309	11.249606	102.697601	12.500451	62.680752	12.513582	61.261932
358.891907	11.253728	93.289055	11.055531	102.462471	12.407724	62.543659	12.407724	60.605
360.483429	11.107372	93.192345	10.914094	101.995056	12.694179	61.647465	12.366895	59.994965
362.074921	10.893289	90.601883	10.852178	101.391281	12.480164	61.149624	12.393314	59.588814
363.666443	10.960583	91.162933	10.89061	100.845291	12.825349	60.342628	12.473368	59.563541
365.257965	10.928724	90.634705	11.033375	100.630058	12.586584	61.346954	12.57423	60.07209
366.849457	11.318318	92.005447	11.259472	101.024963	12.849992	62.450584	12.646797	61.196918
368.440979	11.75073	93.801659	11.523119	102.228783	12.827913	64.92067	12.634169	62.925194
370.032471	11.922928	97.580818	11.76356	104.309624	12.836627	68.013557	12.482598	65.151939
371.623962	12.16046	100.251884	11.919288	107.214584	12.454065	71.43541	12.150521	67.700493
373.215485	12.221433	105.122658	11.939335	110.8181	11.693752	75.52095	11.61314	70.340088
374.806976	11.919071	111.381805	11.787343	114.97422	10.859757	78.135193	10.862688	72.781326
376.398499	11.323524	115.809868	11.440544	119.544861	9.835858	82.043915	9.909261	74.634003
377.98999	10.629141	121.350327	10.886001	124.409439	8.433093	83.216301	8.784128	75.30899
379.581482	9.744783	127.440636	10.117715	129.457199	6.900633	83.129959	7.55196	73.832077
381.173004	8.358868	132.699127	9.134235	134.570541	5.533877	78.089165	6.339356	68.565384
382.764465	7.209604	139.356415	7.937421	139.59375	4.277266	63.877106	5.390343	57.309795
384.355988	5.618135	144.983704	6.530852	144.247345	3.983003	40.152702	5.091482	39.957493
385.947449	3.803526	148.173447	4.929492	147.827301	4.901289	15.856008	5.720348	22.864269
387.538971	1.758518	152.513748	3.163036	147.914825	6.639157	5.088591	7.125406	12.261769
389.130432	0.542729	38.655872	1.398287	128.462982	8.774699	3.753148	8.975586	8.034347
390.721924	2.350286	4.286954	1.532287	40.01128	10.873903	5.59582	11.01755	8.062725
392.313416	4.811736	8.604465	3.625024	23.834139	13.363861	9.660143	13.071073	10.825247
393.904846	7.08399	18.075838	5.944155	26.129089	15.279589	16.326981	14.965599	15.427149
395.496338	9.727156	26.15402	8.226542	32.561707	16.692526	23.887796	16.534533	21.247112
397.087799	11.581803	36.687569	10.299147	40.702412	17.963646	31.512642	17.66029	27.767153
398.67926	13.410182	45.328167	12.028009	49.600113	18.485199	38.989136	18.308895	34.543682
400.270691	14.158259	55.073639	13.344016	58.594105	18.53726	46.407009	18.52446	41.203823
401.862122	15.103275	65.329567	14.25685	67.173347	18.033222	53.236057	18.399946	47.480705
403.453583	15.357004	72.849052	14.837004	75.087708	17.642805	58.565788	18.034767	53.280003
405.045013	15.463027	79.856583	15.167014	82.328156	17.095299	63.653721	17.500977	58.641655
406.636414	15.302935	85.224495	15.310848	88.903694	16.304773	68.068642	16.850702	63.579952
408.227844	15.151036	91.669357	15.317977	94.936623	15.414184	72.39946	16.112509	68.169525
409.819275	14.807141	96.709763	15.218692	100.583664	14.499593	75.840721	15.295723	72.499916
411.410706	14.259146	100.680862	15.033541	105.903023	13.788458	79.161766	14.41531	76.583908
413.002045	13.870165	105.290314	14.774186	110.999413	12.909472	82.525978	13.472966	80.467484
414.593445	13.515457	109.778633	14.447701	115.944038	12.03536	85.086815	12.470946	84.168114
416.184814	12.883101	114.032944	14.062537	120.760727	11.025008	87.525742	11.419876	87.666023
417.776215	12.337407	117.844879	13.6182	125.535103	10.035669	90.130974	10.313334	90.969421
419.367584	11.820094	122.349266	13.123871	130.258087	9.12137	92.016365	9.1682	94.008804
420.958923	11.172914	126.072144	12.579422	134.991653	8.126215	94.675896	7.982946	96.720963
422.550232	10.671586	130.003128	11.990993	139.751556	7.073259	95.885307	6.769691	98.9534
424.141602	9.934435	133.77507	11.361047	144.582153	6.056251	95.631737	5.534968	100.426888
425.73291	9.247273	138.695724	10.693997	149.522614	5.038353	94.989227	4.291995	100.526352
427.324219	8.596551	142.850937	9.994702	154.622192	4.027167	93.60305	3.064158	97.669647
428.915527	7.902522	146.193527	9.266865	159.9543	3.037916	88.496292	1.914833	86.569946
430.506836	7.165576	152.327179	8.51677	165.605469	2.225188	74.683075	1.158106	48.035671
432.098083	6.398287	157.049042	7.75032	171.706696	1.776486	47.691364	1.561849	-3.697176
433.689362	5.736735	163.0914	6.975203	178.446213	1.833076	17.936434	2.636926	-21.409584
435.280609	4.820856	168.80072	6.204977	186.076126	2.576724	-6.63562	3.849516	-26.411615
436.871887	4.326972	178.849792	5.452083	195.035507	3.474163	-14.804657	5.100353	-27.365528
438.463135	3.456848	190.137421	4.749428	205.834503	4.568778	-19.01062	6.35238	-26.625355
440.054352	2.782819	203.23288	4.131962	219.348022	5.632374	-20.505768	7.608209	-25.005239
441.645569	2.353952	226.58197	3.67365	236.145325	6.838942	-21.254181	8.849259	-22.881596
443.236725	2.250306	255.253204	3.456582	256.086273	7.954018	-19.272888	10.077364	-20.409821
444.827942	2.474027	-80.846313	3.548381	-82.89447	9.242217	-17.500031	11.284859	-17.679195
446.419098	3.111186	-60.647369	3.943755	-63.73074	10.313125	-15.511841	12.459062	-14.747168
448.010254	3.960251	-45.447723	4.579347	-47.694691	11.471633	-12.533386	13.598493	-11.61102
449.601379	4.885719	-33.842438	5.372141	-34.714661	12.636553	-9.225128	14.67977	-8.3113
451.192535	5.814741	-25.322144	6.259186	-23.968401	13.826285	-5.978943	15.688346	-4.853958
452.7836	6.960557	-16.711121	7.198017	-14.68713	14.893456	-2.031982	16.610435	-1.232621
454.374695	8.014325	-8.901306	8.144756	-6.422956	15.940751	1.829438	17.420603	2.508652
455.965759	8.981484	-2.106293	9.068734	1.18463	16.813627	6.179663	18.104	6.348736
457.556824	10.040135	4.336397	9.946898	8.39305	17.45192	10.779584	18.651615	10.2761
459.147888	11.2786	11.12074	10.750091	15.282293	18.057528	15.40164	19.053812	14.226165
460.738922	12.10897	17.418419	11.461697	21.92425	18.616817	19.698788	19.313091	18.158836
462.329987	12.887238	24.069822	12.074191	28.373106	18.902012	24.399818	19.43845	22.050606
463.920959	13.579075	29.358829	12.58182	34.602375	19.001488	28.87582	19.442419	25.850403
465.511963	13.800518	36.647438	12.98724	40.585514	18.922239	33.089424	19.341951	29.521994
467.102875	14.388598	42.261356	13.299087	46.307148	18.810587	37.071953	19.154932	33.046661
468.693848	14.5109	48.140156	13.529039	51.774815	18.568626	41.077591	18.896919	36.426037
470.28476	14.706754	53.661385	13.687601	56.952705	18.316109	44.399746	18.583952	39.638287
471.875671	14.756258	58.223061	13.786539	61.840206	17.861553	47.774479	18.228918	42.683811
473.466614	14.691998	62.845551	13.836359	66.451324	17.498928	50.553642	17.841488	45.571281
475.057465	14.6875	67.017593	13.84577	70.816658	17.016272	53.348495	17.427654	48.318539
476.648346	14.462741	71.48922	13.821877	74.943436	16.570673	56.13871	16.994101	50.927921
478.239166	14.242401	74.887611	13.770549	78.851624	16.137144	58.834602	16.54517	53.40871
479.829987	14.202129	78.605576	13.696239	82.566429	15.643674	60.740662	16.083387	55.77261
481.420746	13.937395	81.901459	13.602266	86.112907	15.115851	63.21806	15.610243	58.030678
483.011566	13.63705	85.208733	13.490757	89.519066	14.620299	65.099014	15.125735	60.195137
484.602295	13.458405	88.107529	13.363805	92.799736	14.120914	67.211563	14.631276	62.270073
486.193054	13.187473	91.377106	13.222975	95.970535	13.655098	68.798279	14.127704	64.259727
487.783752	12.920739	93.776115	13.069324	99.047997	13.160253	70.594109	13.61524	66.168488
489.374451	12.625328	96.4067	12.903615	102.046997	12.669334	71.942177	13.093983	67.999176
490.965149	12.356861	99.224976	12.726352	104.981293	12.150124	73.965599	12.563881	69.753174
492.555756	12.09395	101.825157	12.537939	107.86261	11.613915	75.505333	12.025011	71.429718
494.146393	11.783386	104.662827	12.338282	110.704872	11.088147	76.723503	11.476687	73.02742
495.737	11.554811	106.985886	12.128289	113.512024	10.591713	78.20018	10.920419	74.539124
497.327576	11.139071	109.425987	11.908182	116.292885	10.064201	79.451073	10.356487	75.957626
498.918152	10.874898	111.44854	11.67834	119.054543	9.51908	80.601143	9.785572	77.272545
500.508698	10.626957	114.24897	11.439034	121.804359	9.066133	81.439598	9.208284	78.470055
502.099213	10.329074	116.504387	11.190621	124.548805	8.51318	82.233025	8.625513	79.531456
503.689697	10.043606	119.256294	10.933352	127.294838	7.974462	83.11969	8.03813	80.431755
505.280182	9.668722	121.225204	10.667459	130.049683	7.475674	83.701736	7.447146	81.137215
506.870605	9.365513	123.766449	10.393493	132.818848	6.95381	84.442833	6.854325	81.602287
508.461029	8.978887	126.447403	10.111837	135.60936	6.398342	84.703598	6.261475	81.764183
510.051422	8.651285	128.983551	9.822822	138.42894	5.859818	84.452156	5.670855	81.534103
511.641785	8.338806	131.498383	9.526704	141.286652	5.358492	84.150681	5.085403	80.783798
513.232117	8.026967	133.913315	9.224214	144.189743	4.832385	83.145142	4.510007	79.328011
514.822449	7.611493	136.731262	8.916005	147.147171	4.335004	82.501617	3.951523	76.890541
516.41272	7.375182	139.534729	8.602735	150.169144	3.835799	79.305305	3.420451	73.056908
518.003052	7.050588	142.447708	8.28501	153.268265	3.376338	76.799995	2.933471	67.219475
519.593262	6.653055	144.988434	7.963623	156.457993	2.935386	70.981857	2.517918	58.588673
521.183472	6.290829	147.646988	7.639451	159.75412	2.605045	63.523548	2.215328	46.502819
522.773682	5.985245	151.143661	7.313254	163.176102	2.246957	54.320896	2.075982	31.376274
524.363831	5.667238	154.610931	6.986293	166.744659	2.010046	43.318439	2.131742	15.581784
525.953979	5.277899	158.783005	6.659778	170.485184	1.982216	27.800833	2.367895	2.034193
527.544067	4.924098	162.710907	6.33516	174.427155	2.106994	11.782888	2.736865	-8.046449
529.134155	4.566972	166.975479	6.014204	178.605133	2.333189	0.307412	3.191423	-15.022933
530.724182	4.222212	171.830872	5.698866	183.059586	2.715938	-7.32843	3.698731	-19.701616
532.314209	3.943022	176.329514	5.391632	187.836731	3.103472	-13.547729	4.238389	-22.775814
533.904175	3.649627	182.244476	5.095489	192.987823	3.557632	-18.242279	4.797987	-24.734116
535.494141	3.360413	189.528976	4.814036	198.56897	4.079047	-20.691345	5.369863	-25.90402
537.084106	3.090089	197.444321	4.551246	204.643204	4.546206	-23.103058	5.949717	-26.50329
538.67395	2.839766	206.184692	4.312656	211.256638	5.105557	-24.222839	6.53357	-26.679317
540.263855	2.702042	214.637146	4.104156	218.44606	5.598854	-24.784729	7.119194	-26.534149
541.853699	2.588016	226.260681	3.932331	226.215454	6.148573	-24.883545	7.704773	-26.139616
543.443481	2.504269	237.690155	3.803854	234.525879	6.69849	-25.028625	8.289212	-25.546831
545.033325	2.584135	247.958557	3.725027	243.277008	7.278535	-24.330261	8.871524	-24.793024
546.623047	2.683354	259.295441	3.700918	252.299042	7.814564	-24.1073	9.450358	-23.906801
548.212769	2.895424	-88.500977	3.734222	261.385712	8.357759	-23.403748	10.024934	-22.908592
549.802429	3.065709	-78.574585	3.825024	-89.677414	8.922874	-22.47168	10.594525	-21.81362
551.39209	3.415344	-70.529633	3.970741	-81.086311	9.505495	-21.376068	11.157719	-20.634953
552.981689	3.74636	-64.163696	4.166795	-72.970711	10.006931	-20.297638	11.713668	-19.381426
554.571289	4.005665	-56.941071	4.407393	-65.398094	10.5811	-18.844757	12.261311	-18.059669
556.160828	4.492599	-50.325745	4.686652	-58.372952	11.144374	-17.532654	12.800066	-16.67288
557.750366	4.941041	-45.283417	4.9983	-51.880543	11.723193	-16.026855	13.32788	-15.227108
559.339844	5.303792	-40.322845	5.336387	-45.878132	12.210013	-14.591522	13.842759	-13.726832
560.929321	5.747691	-36.074646	5.695754	-40.306416	12.770359	-12.934814	14.343053	-12.174545
562.518677	6.168716	-31.754425	6.07125	-35.112362	13.291552	-11.292938	14.826264	-10.574741
564.108093	6.659847	-28.088287	6.458488	-30.238884	13.789563	-9.33606	15.290331	-8.929854
565.697449	7.013298	-24.424896	6.853439	-25.635054	14.250379	-7.598358	15.733087	-7.242481
567.286743	7.550279	-20.099945	7.252408	-21.255259	14.75841	-5.428925	16.152393	-5.514851
568.876099	8.105888	-16.612823	7.652509	-17.053711	15.229807	-3.357788	16.546679	-3.746484
570.465271	8.513844	-12.581177	8.049221	-13.010276	15.689728	-1.127106	16.912651	-1.945392
572.054565	8.943287	-8.434723	8.439345	-9.096568	16.045481	1.27783	17.248419	-0.114588
573.643677	9.465664	-4.864136	8.819219	-5.295192	16.414284	3.29361	17.551792	1.739658
575.232788	9.940062	-1.312256	9.185894	-1.587871	16.769709	5.944216	17.821369	3.613032
576.821899	10.379212	2.247727	9.536772	2.041338	17.055742	8.063037	18.056141	5.501714
578.411011	10.782639	5.625106	9.870133	5.611853	17.325897	10.509725	18.255781	7.405354
580.000061	11.172907	9.332146	10.182747	9.120166	17.557625	12.807648	18.41926	9.312872
581.588989	11.435828	12.944674	10.472935	12.572605	17.721968	15.318815	18.546776	11.219415
583.177979	11.766853	16.313892	10.739074	15.968843	17.887371	17.309395	18.638815	13.117649
584.766907	12.128726	20.133009	10.980384	19.310764	17.86314	19.716373	18.696486	15.002549
586.355774	12.313522	23.174513	11.197175	22.610123	17.918835	21.986959	18.721209	16.875664
587.94458	12.607663	26.625582	11.388778	25.857002	17.947495	24.244316	18.714464	18.727337
589.533386	12.750984	29.90501	11.555494	29.048006	17.904804	26.334967	18.678179	20.55232
591.122192	12.850191	33.01202	11.698054	32.179302	17.821091	28.469231	18.61454	22.345873
592.710876	13.006349	36.115837	11.817606	35.250561	17.760708	30.396757	18.525732	24.10582
594.299561	13.071327	39.405674	11.915624	38.268074	17.609388	32.452908	18.413599	25.834223
595.888245	13.113477	42.111828	11.993217	41.221817	17.484457	34.363724	18.280592	27.524336
597.476807	13.189067	45.047169	12.051889	44.107353	17.275467	36.220085	18.129061	29.172924
599.065369	13.166753	47.988651	12.093217	46.922855	17.115696	38.027016	17.961147	30.778427
600.653931	13.124808	50.475304	12.118789	49.67881	16.918287	39.591061	17.777969	32.346275
602.242371	13.112965	53.284588	12.130009	52.367416	16.679489	41.38393	17.581778	33.871819
603.830811	13.020495	55.797485	12.12834	54.986328	16.46315	42.815849	17.374439	35.353546
605.419189	12.928514	58.071457	12.115156	57.53624	16.187635	44.376339	17.157473	36.79166
607.007568	12.852851	60.50132	12.091501	60.027088	15.965842	45.703354	16.931292	38.191288
608.595886	12.815466	62.627037	12.058532	62.455326	15.705235	47.027458	16.697495	39.550217
610.184143	12.619432	64.944397	12.017365	64.819763	15.43709	48.305168	16.45746	40.867565
611.772339	12.532364	67.136223	11.968933	67.122322	15.162815	49.828667	16.212135	42.144085
613.360535	12.454751	69.055862	11.913577	69.375679	14.89339	50.969791	15.960934	43.385902
614.94873	12.282212	70.948067	11.852279	71.57476	14.630687	52.109169	15.705438	44.589977
616.536804	12.177186	72.855598	11.785814	73.71946	14.357812	53.352924	15.446612	45.755882
618.124878	12.083428	74.657196	11.714515	75.816452	14.088568	54.460575	15.184377	46.886486
619.712891	11.880775	76.790207	11.638563	77.87188	13.811363	55.506676	14.91855	47.984085
621.300842	11.761019	78.783295	11.558753	79.882538	13.552667	56.465054	14.650392	49.046677
622.888794	11.623223	80.517456	11.475505	81.850601	13.238993	57.339539	14.380317	50.074806
624.476685	11.468654	81.914528	11.388342	83.787651	12.999506	58.356445	14.106981	51.072712
626.064453	11.29482	83.439499	11.298074	85.689354	12.693252	59.191444	13.831774	52.037872
627.652222	11.142773	85.371025	11.205135	87.556046	12.460809	59.958923	13.555289	52.969852
629.23999	10.98807	87.009377	11.109108	89.396255	12.192579	60.942657	13.276513	53.871052
630.827698	10.842957	88.830414	11.010298	91.210594	11.90394	61.649307	12.995879	54.740776
632.415344	10.700039	90.321571	10.909228	92.997574	11.60841	62.555	12.714242	55.577682
634.00293	10.541738	91.840233	10.805665	94.762619	11.320211	63.199253	12.43105	56.382534
635.590515	10.417383	92.996941	10.699437	96.509796	11.072948	63.979809	12.145951	57.155197
637.17804	10.223206	94.624405	10.591335	98.23542	10.788217	64.584122	11.860261	57.893711
638.765503	10.079246	95.959854	10.481061	99.944351	10.53868	65.378387	11.573428	58.597893
640.352905	9.89929	97.521255	10.368271	101.641365	10.252425	65.867081	11.284875	59.266964
641.940247	9.769886	99.613289	10.253809	103.322525	9.97103	66.39817	10.995992	59.898876
643.527588	9.600566	100.436996	10.137332	104.992393	9.696146	66.77977	10.706228	60.492409
645.114868	9.423268	102.143822	10.018538	106.654846	9.421885	67.406006	10.41516	61.045536
646.702026	9.267756	103.462135	9.898281	108.306152	9.161124	68.096519	10.124164	61.55616
648.289246	9.146994	105.10788	9.776069	109.951385	8.881066	68.161613	9.83254	62.021648
649.876343	8.948117	106.297234	9.65176	111.593079	8.602511	68.643555	9.54018	62.438675
651.46344	8.742188	107.735756	9.52626	113.227509	8.35256	68.887802	9.248505	62.80497
653.050415	8.619111	109.357735	9.398703	114.861595	8.054007	69.311409	8.956377	63.115395
654.63739	8.405389	110.980392	9.269398	116.495125	7.758878	69.50412	8.664402	63.36573
656.224365	8.241671	112.267204	9.139245	118.124687	7.526167	69.495316	8.373962	63.553238
657.811218	8.130196	113.581772	9.00676	119.760338	7.312208	69.631668	8.083252	63.667976
659.398071	7.943176	114.85321	8.873117	121.397194	7.030588	69.704514	7.794066	63.706558
660.984802	7.822037	116.579605	8.738441	123.036331	6.783281	69.540886	7.506802	63.662224
662.571533	7.632315	117.958405	8.601783	124.684738	6.503449	69.708076	7.220566	63.522137
664.158203	7.470786	119.090691	8.464451	126.337013	6.265448	69.285393	6.937333	63.282249
665.744812	7.298893	120.868469	8.32575	127.998749	6.001247	69.005005	6.656663	62.927921
667.33136	7.12118	122.406914	8.185699	129.671829	5.728249	68.969711	6.379062	62.445908
668.917847	6.979543	124.148109	8.045362	131.352509	5.488434	68.223946	6.106247	61.828907
670.504333	6.796408	125.43367	7.903061	133.051834	5.243828	67.443542	5.837072	61.047848
672.090698	6.652895	127.210556	7.760502	134.762756	5.004419	66.763687	5.574099	60.097015
673.677124	6.468912	128.494247	7.617233	136.490021	4.772331	65.59951	5.317712	58.952335
675.263367	6.327891	130.138962	7.47288	138.238083	4.541458	64.665924	5.068626	57.586472
676.849609	6.164755	132.167023	7.328887	140.001358	4.34125	62.778233	4.829301	55.990704
678.435791	5.99893	133.630981	7.183314	141.793472	4.104376	61.294834	4.599565	54.115097
680.021912	5.820685	135.390717	7.038085	143.606369	3.880597	59.407375	4.382557	51.957024
681.608032	5.675013	137.152557	6.892566	145.44664	3.704545	56.970871	4.179653	49.482822
683.194031	5.482252	138.828751	6.746629	147.318329	3.495297	54.856937	3.992939	46.667545
684.779968	5.318139	140.560654	6.601467	149.217621	3.32274	51.985481	3.825275	43.517208
686.365906	5.167729	142.281921	6.455542	151.157761	3.16287	48.510597	3.678561	39.999454
687.951782	5.016091	144.426773	6.310818	153.130295	3.029818	44.722401	3.555895	36.164696
689.537537	4.85404	146.63942	6.166084	155.147278	2.922873	40.689968	3.459432	32.020638
691.123291	4.675883	148.335754	6.022145	157.208054	2.796784	36.439381	3.391383	27.638472
692.708984	4.505354	150.828568	5.879338	159.315048	2.739949	31.149067	3.353224	23.101151
694.294617	4.418319	153.13147	5.737112	161.477676	2.694392	26.13583	3.34603	18.487341
695.880188	4.217413	155.589996	5.597009	163.689926	2.670945	21.351137	3.369194	13.927192
697.465698	4.094296	158.020813	5.45746	165.970367	2.695727	16.438623	3.422842	9.480581
699.051147	3.979799	160.944214	5.320699	168.307343	2.699261	11.199225	3.504032	5.26982
700.636597	3.820845	163.064972	5.185229	170.720642	2.824558	6.254059	3.611948	1.324965
702.221863	3.666438	166.287582	5.052585	173.204208	2.919922	1.390086	3.742989	-2.292391
703.80719	3.555388	169.41893	4.922538	175.768326	3.041831	-2.381226	3.894996	-5.572465
705.392395	3.353721	172.427353	4.79533	178.419342	3.156939	-5.82666	4.065495	-8.513674
706.977539	3.314551	175.647827	4.67195	181.155609	3.309014	-8.994629	4.251242	-11.120239
708.562622	3.178691	179.1465	4.551877	183.993317	3.47502	-11.902527	4.451169	-13.420028
710.147705	3.061104	183.510239	4.436773	186.921585	3.635089	-14.554382	4.661579	-15.42636
711.732666	2.934655	187.274384	4.325603	189.965149	3.859027	-16.595459	4.88283	-17.174894
713.317627	2.896384	190.853989	4.220554	193.103531	4.038506	-18.900208	5.110876	-18.68154
714.902466	2.790497	195.33873	4.120303	196.36821	4.26513	-20.211426	5.347241	-19.978764
716.487244	2.710931	200.531097	4.027185	199.731232	4.453153	-21.714111	5.587906	-21.08259
718.072021	2.657543	205.847733	3.940189	203.221741	4.713004	-23.005035	5.83455	-22.017937
719.656677	2.642355	209.612289	3.861148	206.813782	4.928022	-23.998932	6.084133	-22.800695
721.241333	2.622825	214.756271	3.789759	210.523056	5.181323	-24.838989	6.337562	-23.4485
722.825806	2.61746	220.067459	3.727204	214.32901	5.365663	-25.569702	6.593004	-23.975512
724.410339	2.557741	225.400406	3.6736	218.234863	5.599974	-26.325226	6.850817	-24.394611
725.994751	2.549699	231.182068	3.629649	222.224609	5.785656	-26.900574	7.110128	-24.717188
727.579163	2.580581	235.615265	3.59577	226.285416	6.042413	-27.137909	7.370576	-24.95311
729.163452	2.636422	240.96405	3.572274	230.404831	6.305221	-27.318146	7.632024	-25.110886
730.747681	2.658803	246.440674	3.559585	234.559998	6.5444	-27.517334	7.893805	-25.198704
732.331848	2.772844	250.486328	3.55775	238.739655	6.802774	-27.747925	8.15615	-25.222507
733.915955	2.837209	255.368408	3.567023	242.914581	7.028567	-27.736023	8.41821	-25.18922
735.5	2.943839	259.089355	3.587259	247.075699	7.291559	-27.74884	8.680441	-25.102957
737.083984	3.009778	262.843353	3.61846	251.191025	7.532722	-27.798645	8.941843	-24.969782
738.667847	3.104545	267.166718	3.660323	255.258942	7.729018	-27.736725	9.203233	-24.791977
740.25177	3.240766	-89.239594	3.71259	259.247559	7.962282	-27.623932	9.463444	-24.575018
741.835571	3.381498	-85.977905	3.774879	263.157166	8.209786	-27.593353	9.723177	-24.320461
743.41925	3.529427	-82.322266	3.846719	266.964996	8.521525	-27.094055	9.981545	-24.032726
745.002869	3.656931	-78.801727	3.92769	-89.326263	8.757737	-26.934814	10.239109	-23.712898
746.586487	3.830343	-75.280212	4.017169	-85.732269	8.98462	-26.538147	10.495092	-23.364573
748.170044	3.968769	-72.828644	4.114735	-82.247215	9.237645	-26.375397	10.74997	-22.988441
749.753479	4.130727	-70.031281	4.219742	-78.88002	9.509974	-25.966553	11.003122	-22.587524
751.336853	4.277812	-67.50473	4.331693	-75.626511	9.770792	-25.553406	11.254663	-22.162807
752.920166	4.432875	-65.943909	4.450094	-72.48391	9.994811	-25.067871	11.504542	-21.715595
754.503418	4.629166	-62.352692	4.574277	-69.454987	10.249951	-24.620148	11.752218	-21.248304
756.086609	4.818157	-60.119873	4.70402	-66.525574	10.508595	-24.011536	11.998302	-20.760071
757.669739	4.995956	-57.480286	4.838418	-63.705215	10.742765	-23.704193	12.241617	-20.254856
759.252808	5.169969	-55.415405	4.977638	-60.970715	11.060757	-22.849243	12.483427	-19.729715
760.835754	5.318755	-53.706726	5.120358	-58.340816	11.240312	-22.172211	12.721719	-19.190903
762.41864	5.551139	-51.638672	5.267321	-55.7812	11.499111	-21.827606	12.958661	-18.632401
764.001465	5.707342	-49.930481	5.416825	-53.317635	11.730227	-21.333954	13.191598	-18.062551
765.58429	5.862663	-47.834167	5.569838	-50.915073	11.988399	-20.600952	13.422827	-17.47439
767.166931	6.07417	-45.712189	5.724678	-48.595722	12.252372	-19.950806	13.649892	-16.875761
768.749573	6.261353	-44.251648	5.882193	-46.332005	12.438183	-19.416931	13.874596	-16.261036
770.332153	6.442495	-42.178558	6.041031	-44.137711	12.670734	-18.820923	14.095147	-15.636003
771.914673	6.649335	-40.574615	6.201715	-41.993637	12.950714	-17.943848	14.31267	-14.99677
773.497009	6.836033	-38.732086	6.363224	-39.907616	13.169063	-17.240051	14.525926	-14.347535
775.079407	7.049351	-36.872406	6.525746	-37.86776	13.461895	-16.376343	14.73544	-13.686242
776.661682	7.277734	-35.240326	6.688841	-35.872833	13.617482	-15.789673	14.940813	-13.014095
778.243835	7.557219	-32.790436	6.851907	-33.923798	13.821232	-15.039124	15.141448	-12.333096
779.825989	7.681777	-31.575714	7.015421	-32.006699	14.048919	-14.166473	15.338134	-11.639807
781.408081	7.880631	-30.039856	7.177933	-30.134617	14.227635	-13.371948	15.529203	-10.940537
782.990051	8.033295	-28.945709	7.340627	-28.285175	14.504937	-12.465149	15.716259	-10.228323
784.57196	8.176179	-27.027435	7.501715	-26.475725	14.738656	-11.700439	15.897285	-9.511223
786.153809	8.350757	-25.592285	7.662131	-24.688267	14.891309	-10.822418	16.073507	-8.783515
787.735535	8.561787	-23.986176	7.820663	-22.932646	15.074544	-9.985321	16.24366	-8.050476
789.317261	8.824354	-22.385651	7.977695	-21.198608	15.295337	-9.04068	16.408285	-7.309144
790.898865	8.963171	-20.744598	8.132751	-19.487011	15.414911	-8.146027	16.566961	-6.561051
792.480408	9.16818	-19.143097	8.285168	-17.801048	15.668971	-7.179962	16.719105	-5.808798
794.06189	9.322147	-17.531555	8.435666	-16.127371	15.877841	-6.303619	16.865534	-5.047592
795.64325	9.590343	-15.890045	8.582709	-14.48008	16.035742	-5.300293	17.00482	-4.284853
797.224548	9.687077	-14.426331	8.727284	-12.842947	16.17712	-4.375	17.137999	-3.514227
798.805786	9.890073	-12.843048	8.868123	-11.227604	16.366085	-3.352509	17.263969	-2.742101
800.387024	9.977313	-11.317505	9.005657	-9.624901	16.464361	-2.502472	17.383215	-1.965164
801.968079	10.251258	-9.669586	9.139402	-8.037009	16.608282	-1.419739	17.495388	-1.185361
803.549072	10.335367	-8.174591	9.268921	-6.466297	16.72681	-0.595734	17.600216	-0.404763
805.130005	10.466571	-6.490356	9.394835	-4.901396	16.806129	0.364593	17.698269	0.381369
806.710876	10.659347	-4.872223	9.515847	-3.356209	16.932938	1.302215	17.788618	1.165338
808.291626	10.841743	-3.420715	9.632734	-1.817659	17.088652	2.400846	17.871933	1.952882
809.872375	10.970365	-1.922424	9.744649	-0.294907	17.160212	3.339375	17.947689	2.738647
811.453003	11.066648	-0.3927	9.851772	1.217107	17.271927	4.350667	18.016106	3.524466
813.033569	11.111253	1.174656	9.954141	2.720857	17.367804	5.409871	18.077282	4.310954
814.614014	11.351885	2.684439	10.051102	4.208321	17.42145	6.396469	18.130926	5.093319
816.194458	11.419397	4.11483	10.143298	5.691171	17.470249	7.314817	18.177481	5.877009
817.77478	11.388572	5.589966	10.229966	7.158117	17.49737	8.431982	18.216661	6.655572
819.35498	11.663875	7.044899	10.311471	8.616387	17.572289	9.340548	18.248737	7.432232
820.935181	11.661353	8.894056	10.387713	10.064855	17.571489	10.233912	18.273771	8.2059
822.515259	11.827937	10.210218	10.458416	11.49826	17.615631	11.219709	18.291805	8.973318
824.095215	11.957174	11.46777	10.524083	12.926914	17.579809	12.219346	18.303074	9.739484
825.67511	11.992885	13.094275	10.584209	14.339544	17.651094	13.089089	18.307627	10.498016
827.255005	11.983145	14.728801	10.639156	15.743298	17.625809	14.090122	18.305651	11.252306
828.834656	12.187186	15.983031	10.6889	17.136608	17.627409	14.980771	18.297291	12.001158
830.414368	12.173973	17.428179	10.733369	18.514664	17.644226	15.873433	18.282782	12.741693
831.993958	12.250248	18.820654	10.77291	19.886669	17.613228	16.727179	18.262161	13.478456
833.573425	12.250702	20.265854	10.807347	21.242582	17.608488	17.620378	18.235788	14.205853
835.152954	12.298788	21.33313	10.836938	22.588066	17.599312	18.484726	18.203751	14.926609
836.732239	12.273649	22.547722	10.861771	23.923306	17.509588	19.423729	18.166203	15.640556
838.311523	12.264903	24.138811	10.881904	25.242498	17.459249	20.256868	18.123552	16.344439
839.890747	12.337937	25.562593	10.897551	26.553587	17.407009	21.109072	18.075693	17.042181
841.469849	12.267982	27.006903	10.908792	27.849398	17.325356	21.937807	18.023127	17.729862
843.048828	12.343268	28.141487	10.915786	29.131914	17.265713	22.780321	17.965967	18.408333
844.627747	12.288508	29.730814	10.918669	30.405647	17.204525	23.588961	17.904179	19.079744
846.206543	12.276144	30.990242	10.917617	31.66221	17.138773	24.248308	17.838419	19.739647
847.785339	12.347678	31.646105	10.912733	32.908401	17.124464	24.926266	17.768484	20.391363
849.364075	12.235626	33.095699	10.90419	34.141491	17.046886	25.672022	17.694733	21.033373
850.942566	12.26547	34.35445	10.892197	35.358635	16.876778	26.48646	17.617571	21.664143
852.521118	12.1641	35.746769	10.876755	36.566841	16.80965	27.203699	17.536659	22.287041
854.099487	12.239959	36.882351	10.858176	37.759007	16.712433	28.029825	17.452734	22.898447
855.677856	12.041734	38.013695	10.83654	38.93792	16.616011	28.624743	17.365755	23.499645
857.256165	12.072645	38.915596	10.811872	40.106853	16.488235	29.366899	17.275599	24.092108
858.83429	12.057697	40.249584	10.784562	41.258984	16.424196	29.943394	17.183069	24.672482
860.412415	11.960104	41.440521	10.754527	42.39994	16.32407	30.538996	17.087797	25.243362
861.990356	11.928473	42.596035	10.721952	43.528378	16.168716	31.291651	16.99007	25.804024
863.568237	11.907773	43.439442	10.687114	44.641483	16.089705	31.938953	16.890356	26.353111
865.146118	11.81988	44.715546	10.649849	45.744717	16.012703	32.454163	16.788206	26.893026
866.723816	11.740013	45.554512	10.61052	46.833691	15.898837	33.121464	16.684261	27.421724
868.301453	11.705767	47.041927	10.569256	47.908585	15.730954	33.75729	16.578667	27.939247
869.879028	11.681239	47.536293	10.525814	48.974709	15.679304	34.040394	16.4709	28.447803
871.456421	11.615947	48.48027	10.480763	50.025379	15.538047	34.661514	16.361942	28.944483
873.033875	11.523623	49.278198	10.433963	51.064236	15.346642	35.356506	16.251467	29.430773
874.611145	11.44832	50.698956	10.385345	52.093391	15.288115	35.70084	16.139305	29.90744
876.188354	11.335117	51.579144	10.3354	53.107994	15.159909	36.308319	16.02626	30.372496
877.765442	11.254701	52.669914	10.283919	54.111805	15.041028	36.787231	15.911927	30.827364
879.342468	11.134851	53.576019	10.230931	55.105442	14.946114	37.274902	15.796322	31.272194
880.919434	11.129859	53.99902	10.176843	56.085583	14.801484	37.750084	15.680075	31.705715
882.496277	11.074139	55.020866	10.121386	57.055973	14.654758	38.218826	15.562716	32.129223
884.073059	10.980792	55.738415	10.064709	58.015842	14.513124	38.672466	15.444471	32.542358
885.649719	10.911136	56.837849	10.007113	58.963318	14.434509	39.054859	15.325773	32.944481
887.226257	10.83795	57.716747	9.948278	59.901875	14.308343	39.438099	15.206126	33.336617
888.802734	10.709656	58.519344	9.888457	60.830063	14.168934	39.941002	15.085888	33.718258
890.379089	10.713643	59.396671	9.827875	61.746742	14.062846	40.323414	14.965376	34.089058
891.955383	10.572865	60.08242	9.766153	62.655376	13.950234	40.57011	14.844039	34.449871
893.531555	10.505244	61.100136	9.703648	63.553837	13.802303	41.025303	14.722379	34.800079
895.107727	10.444103	61.379742	9.640486	64.441849	13.684312	41.364159	14.600562	35.139633
896.683716	10.304724	62.651745	9.576294	65.322365	13.548438	41.599503	14.478076	35.469048
898.259644	10.225489	63.232059	9.51146	66.193245	13.41171	42.150246	14.355454	35.787842
899.835449	10.130828	63.810966	9.446077	67.054436	13.312031	42.375702	14.232811	36.096012
901.411255	10.071701	64.82267	9.379721	67.908867	13.136878	42.813881	14.109595	36.393887
902.986816	9.971671	65.611801	9.312868	68.754066	13.006787	42.992947	13.986441	36.681084
904.562378	9.917131	66.150658	9.245542	69.590408	12.890523	43.328548	13.863366	36.957661
906.137817	9.849448	66.509148	9.177338	70.420334	12.81623	43.365578	13.73988	37.223671
907.713196	9.792779	67.199989	9.108682	71.241966	12.657608	43.806725	13.616519	37.478977
909.288452	9.67912	67.765915	9.039634	72.055367	12.541748	43.965153	13.493364	37.723591
910.863647	9.562365	68.398422	8.96979	72.862747	12.43446	44.367222	13.369937	37.95734
912.43866	9.445891	69.141747	8.899517	73.662628	12.339224	44.231075	13.246698	38.180225
914.013672	9.366079	70.12677	8.828938	74.454865	12.210399	44.618587	13.12379	38.392311
915.588562	9.276351	70.716324	8.757641	75.241402	12.019351	44.849861	13.00076	38.593197
917.163391	9.156913	71.654564	8.685908	76.021324	11.928812	45.043213	12.877945	38.782982
918.737976	9.095491	71.981956	8.613959	76.794022	11.768851	45.579132	12.755605	38.961796
920.312622	9.000257	72.947884	8.541346	77.561478	11.683861	45.393799	12.633259	39.129051
921.887085	8.892357	73.322342	8.468277	78.32309	11.573195	45.549435	12.511159	39.284824
923.461548	8.818289	74.401909	8.395051	79.078064	11.46711	45.645439	12.389638	39.42944
925.035828	8.717504	74.602402	8.321266	79.827988	11.378757	45.716438	12.268291	39.562153
926.609985	8.66803	75.058083	8.246942	80.572906	11.27419	45.568451	12.14717	39.682774
928.184082	8.580098	75.161293	8.172544	81.311668	11.08214	46.306358	12.026762	39.792061
929.758118	8.474408	76.358849	8.097692	82.045631	10.948631	46.321144	11.906702	39.889137
931.332031	8.414747	76.838448	8.022189	82.775452	10.890737	46.412537	11.78683	39.97332
932.905762	8.374174	77.097565	7.946671	83.499557	10.807635	46.00222	11.66779	40.045883
934.479492	8.197655	76.657059	7.870839	84.21907	10.641263	46.171818	11.549303	40.106037
936.053101	8.09817	78.092331	7.794248	84.935135	10.573857	46.348083	11.430997	40.152336
937.626648	7.979056	78.995796	7.717617	85.646225	10.511762	46.231262	11.313556	40.186512
939.200012	7.959604	78.618011	7.6408	86.352867	10.320727	46.346703	11.196872	40.208019
940.773315	7.780714	79.404648	7.563336	87.056282	10.16871	46.39682	11.080561	40.215275
942.346497	7.678003	81.491745	7.485669	87.755577	9.9934	46.564472	10.965054	40.209343
943.919617	7.605777	82.007484	7.407907	88.450874	9.892966	46.401691	10.850453	40.190498
945.492554	7.444182	81.529861	7.329662	89.142937	9.773429	46.678074	10.736477	40.157131
947.065552	7.338876	82.022179	7.250985	89.831894	9.735811	45.776699	10.6232	40.109169
948.638306	7.276062	83.970322	7.172331	90.517082	9.57374	46.278133	10.51102	40.048069
950.21106	7.232765	82.49704	7.093339	91.199326	9.409768	46.289619	10.399675	39.972282
951.783569	7.100347	84.738388	7.013707	91.879135	9.340714	46.2328	10.288992	39.880257
953.356079	7.046686	85.224274	6.934145	92.555679	9.209435	46.419727	10.179527	39.774689
954.928528	6.977356	85.502457	6.85438	93.229553	9.138991	45.704895	10.071108	39.654251
956.500793	6.908765	86.153267	6.77402	93.901291	9.0151	45.934662	9.963515	39.516888
958.072937	6.790597	86.179611	6.693517	94.570557	8.903318	46.12077	9.857096	39.364395
959.64502	6.669291	86.751358	6.612981	95.237396	8.797163	45.926941	9.751954	39.197083
961.21698	6.622597	87.006584	6.532039	95.902374	8.741804	45.548626	9.647891	39.012932
962.788879	6.534502	87.750381	6.450642	96.56562	8.601522	45.661472	9.544933	38.811367
964.360657	6.434073	89.106895	6.369367	97.22683	8.508549	45.187691	9.443463	38.595127
965.932251	6.299429	88.988739	6.287859	97.886459	8.360451	45.288025	9.343313	38.362179
967.503784	6.271951	89.051735	6.205687	98.544968	8.359079	44.737175	9.244298	38.109905
969.075317	6.200637	89.640297	6.123553	99.202034	8.221954	44.675415	9.146851	37.841911
970.646606	6.085163	89.937675	6.04138	99.857918	8.187222	43.998661	9.050962	37.557625
972.217896	5.993729	90.146065	5.958765	100.512993	8.012055	44.316509	8.956488	37.254517
973.78894	5.93461	92.159706	5.875799	101.167282	7.990772	43.391869	8.863539	36.932838
975.359985	5.843971	91.284988	5.792994	101.820915	7.868693	43.527908	8.772377	36.595573
976.930847	5.757143	91.140869	5.709962	102.474182	7.768037	42.910442	8.682883	36.240231
978.501648	5.616992	93.277824	5.626301	103.127266	7.707895	42.406395	8.59497	35.864025
980.072388	5.575396	92.017715	5.542715	103.780319	7.637909	42.48867	8.508955	35.471355
981.642944	5.478649	92.789001	5.459136	104.433548	7.479202	42.448696	8.424856	35.061749
983.213501	5.387207	93.882744	5.375183	105.087196	7.408957	41.845665	8.342603	34.632587
984.783813	5.324863	94.884712	5.29086	105.741348	7.36367	41.411617	8.262272	34.183773
986.354126	5.18538	95.293587	5.206703	106.396454	7.175358	41.252659	8.184054	33.719036
987.924194	5.098225	94.491257	5.122401	107.052666	7.227005	40.235889	8.107919	33.236256
989.494324	5.037094	94.877136	5.037583	107.710106	7.158046	39.748589	8.033847	32.732777
991.06427	4.971287	96.057053	4.952725	108.36911	7.066423	39.234592	7.962008	32.212097
992.634094	4.807922	96.529152	4.868009	109.030197	6.988407	39.047642	7.892465	31.675737
994.203796	4.774357	96.630379	4.783062	109.69339	6.841463	38.879578	7.825218	31.121119
995.773315	4.699747	96.507141	4.697578	110.358765	6.836842	38.215324	7.760304	30.546074
997.342896	4.587595	97.950264	4.612277	111.027214	6.74839	37.813129	7.697842	29.956341
998.912292	4.532426	98.365959	4.526996	111.698982	6.691339	37.117661	7.637858	29.351027

