250.687546	2.065233	0.336403	
252.278320	2.066127	0.337460	
253.869110	2.066931	0.338522	
255.459930	2.067647	0.339591	
257.050751	2.068231	0.340680	
258.641602	2.068676	0.341796	
260.232483	2.068965	0.342953	
261.823364	2.069088	0.344164	
263.414276	2.069018	0.345451	
265.005188	2.068726	0.346842	
266.596130	2.068193	0.348372	
268.187103	2.067405	0.350080	
269.778076	2.066336	0.352018	
271.369080	2.064966	0.354248	
272.960083	2.063280	0.356842	
274.551117	2.061281	0.359882	
276.142151	2.059034	0.363448	
277.733215	2.056505	0.367649	
279.324310	2.053767	0.372586	
280.915405	2.050922	0.378357	
282.506500	2.048011	0.385077	
284.097626	2.045231	0.392825	
285.688782	2.042670	0.401696	
287.279907	2.040539	0.411741	
288.871063	2.039058	0.422985	
290.462250	2.038387	0.435441	
292.053436	2.038808	0.449048	
293.644653	2.040579	0.463708	
295.235870	2.043871	0.479299	
296.827087	2.048907	0.495631	
298.418335	2.055868	0.512472	
300.009583	2.064906	0.529548	
301.600861	2.076134	0.546549	
303.192139	2.089572	0.563163	
304.783417	2.105195	0.579072	
306.374725	2.122926	0.593960	
307.966034	2.142639	0.607525	
309.557373	2.164179	0.619473	
311.148682	2.187319	0.629569	
312.740051	2.211800	0.637626	
314.331360	2.237343	0.643498	
315.922760	2.263661	0.647088	
317.514099	2.290460	0.648345	
319.105499	2.317504	0.647155	
320.696869	2.344477	0.643584	
322.288269	2.371083	0.637761	
323.879669	2.397107	0.629717	
325.471069	2.422338	0.619483	
327.062500	2.446523	0.607380	
328.653900	2.469528	0.593387	
330.245331	2.491173	0.577777	
331.836792	2.511344	0.560729	
333.428223	2.529935	0.542353	
335.019684	2.546876	0.522953	
336.611145	2.562104	0.502602	
338.202576	2.575604	0.481572	
339.794037	2.587361	0.460036	
341.385529	2.597374	0.438079	
342.976990	2.605711	0.416044	
344.568481	2.612353	0.393868	
346.159973	2.617403	0.371837	
347.751434	2.620947	0.350117	
349.342957	2.622996	0.328677	
350.934418	2.623672	0.307705	
352.525940	2.623094	0.287337	
354.117401	2.621350	0.267635	
355.708923	2.618475	0.248573	
357.300415	2.614611	0.230270	
358.891907	2.609874	0.212789	
360.483429	2.604360	0.196156	
362.074921	2.598161	0.180386	
363.666443	2.591367	0.165486	
365.257965	2.584061	0.151455	
366.849457	2.576298	0.138264	
368.440979	2.568193	0.125934	
370.032471	2.559820	0.114445	
371.623962	2.551247	0.103773	
373.215485	2.542542	0.093892	
374.806976	2.533758	0.084771	
376.398499	2.524941	0.076375	
377.989990	2.516141	0.068671	
379.581482	2.507401	0.061621	
381.173004	2.498746	0.055183	
382.764465	2.490191	0.049314	
384.355988	2.481785	0.043986	
385.947449	2.473556	0.039163	
387.538971	2.465516	0.034808	
389.130432	2.457689	0.030886	
390.721924	2.450085	0.027362	
392.313416	2.442711	0.024201	
393.904846	2.435507	0.021360	
395.496338	2.428545	0.018825	
397.087799	2.421831	0.016570	
398.679260	2.415362	0.014566	
400.270691	2.409085	0.012781	
401.862122	2.403017	0.011198	
403.453583	2.397190	0.009801	
405.045013	2.391597	0.008570	
406.636414	2.386147	0.007478	
408.227844	2.380921	0.006519	
409.819275	2.375920	0.005680	
411.410706	2.371041	0.004938	
413.002045	2.366367	0.004291	
414.593445	2.361879	0.003726	
416.184814	2.357508	0.003229	
417.776215	2.353330	0.002798	
419.367584	2.349272	0.002421	
420.958923	2.345361	0.002093	
422.550232	2.341595	0.001808	
424.141602	2.337926	0.001560	
425.732910	2.334417	0.001346	
427.324219	2.330972	0.001159	
428.915527	2.327689	0.000999	
430.506836	2.324450	0.000859	
432.098083	2.321364	0.000739	
433.689362	2.318316	0.000635	
435.280609	2.315404	0.000545	
436.871887	2.312532	0.000468	
438.463135	2.309774	0.000401	
440.054352	2.307066	0.000344	
441.645569	2.304444	0.000295	
443.236725	2.301892	0.000252	
444.827942	2.299389	0.000216	
446.419098	2.296977	0.000185	
448.010254	2.294584	0.000158	
449.601379	2.292272	0.000135	
451.192535	2.290018	0.000115	
452.783600	2.287792	0.000098	
454.374695	2.285639	0.000084	
455.965759	2.283524	0.000072	
457.556824	2.281444	0.000061	
459.147888	2.279424	0.000052	
460.738922	2.277440	0.000044	
462.329987	2.275480	0.000038	
463.920959	2.273575	0.000032	
465.511963	2.271714	0.000028	
467.102875	2.269860	0.000023	
468.693848	2.268052	0.000020	
470.284760	2.266287	0.000017	
471.875671	2.264549	0.000014	
473.466614	2.262825	0.000012	
475.057465	2.261141	0.000010	
476.648346	2.259491	0.000009	
478.239166	2.257873	0.000008	
479.829987	2.256257	0.000007	
481.420746	2.254672	0.000006	
483.011566	2.253119	0.000005	
484.602295	2.251593	0.000004	
486.193054	2.250095	0.000003	
487.783752	2.248600	0.000003	
489.374451	2.247128	0.000002	
490.965149	2.245682	0.000002	
492.555756	2.244260	0.000002	
494.146393	2.242857	0.000001	
495.737000	2.241476	0.000001	
497.327576	2.240111	0.000001	
498.918152	2.238753	0.000001	
500.508698	2.237412	0.000001	
502.099213	2.236092	0.000001	
503.689697	2.234791	0.000001	
505.280182	2.233505	0.000000	
506.870605	2.232236	0.000000	
508.461029	2.230981	0.000000	
510.051422	2.229740	0.000000	
511.641785	2.228514	0.000000	
513.232117	2.227302	0.000000	
514.822449	2.226104	0.000000	
516.412720	2.224916	0.000000	
518.003052	2.223737	0.000000	
519.593262	2.222571	0.000000	
521.183472	2.221417	0.000000	
522.773682	2.220274	0.000000	
524.363831	2.219144	0.000000	
525.953979	2.218024	0.000000	
527.544067	2.216917	0.000000	
529.134155	2.215820	0.000000	
530.724182	2.214732	0.000000	
532.314209	2.213655	0.000000	
533.904175	2.212588	0.000000	
535.494141	2.211531	0.000000	
537.084106	2.210484	0.000000	
538.673950	2.209444	0.000000	
540.263855	2.208409	0.000000	
541.853699	2.207384	0.000000	
543.443481	2.206366	-0.000000	
545.033325	2.205356	0.000000	
546.623047	2.204355	0.000000	
548.212769	2.203362	0.000000	
549.802429	2.202375	-0.000000	
551.392090	2.201397	0.000000	
552.981689	2.200428	0.000000	
554.571289	2.199466	0.000000	
556.160828	2.198513	-0.000000	
557.750366	2.197568	-0.000000	
559.339844	2.196627	0.000000	
560.929321	2.195686	0.000000	
562.518677	2.194753	0.000000	
564.108093	2.193828	0.000000	
565.697449	2.192909	0.000000	
567.286743	2.191996	0.000000	
568.876099	2.191093	-0.000000	
570.465271	2.190198	-0.000000	
572.054565	2.189302	0.000000	
573.643677	2.188406	-0.000000	
575.232788	2.187519	-0.000000	
576.821899	2.186637	0.000000	
578.411011	2.185764	0.000000	
580.000061	2.184900	-0.000000	
581.588989	2.184036	-0.000000	
583.177979	2.183170	0.000000	
584.766907	2.182310	-0.000000	
586.355774	2.181457	-0.000000	
587.944580	2.180614	0.000000	
589.533386	2.179777	-0.000000	
591.122192	2.178931	0.000000	
592.710876	2.178093	0.000000	
594.299561	2.177261	0.000000	
595.888245	2.176440	0.000000	
597.476807	2.175618	-0.000000	
599.065369	2.174794	-0.000000	
600.653931	2.173974	-0.000000	
602.242371	2.173164	-0.000000	
603.830811	2.172364	0.000000	
605.419189	2.171551	-0.000000	
607.007568	2.170745	0.000000	
608.595886	2.169948	0.000000	
610.184143	2.169162	-0.000000	
611.772339	2.168362	-0.000000	
613.360535	2.167569	-0.000000	
614.948730	2.166786	0.000000	
616.536804	2.166009	0.000000	
618.124878	2.165222	-0.000000	
619.712891	2.164441	0.000000	
621.300842	2.163672	0.000000	
622.888794	2.162900	-0.000000	
624.476685	2.162124	-0.000000	
626.064453	2.161358	-0.000000	
627.652222	2.160602	0.000000	
629.239990	2.159832	0.000000	
630.827698	2.159069	0.000000	
632.415344	2.158320	0.000000	
634.002930	2.157560	0.000000	
635.590515	2.156804	0.000000	
637.178040	2.156058	-0.000000	
638.765503	2.155309	0.000000	
640.352905	2.154557	-0.000000	
641.940247	2.153816	-0.000000	
643.527588	2.153074	0.000000	
645.114868	2.152328	-0.000000	
646.702026	2.151594	-0.000000	
648.289246	2.150859	0.000000	
649.876343	2.150119	0.000000	
651.463440	2.149391	-0.000000	
653.050415	2.148659	0.000000	
654.637390	2.147926	0.000000	
656.224365	2.147205	0.000000	
657.811218	2.146475	0.000000	
659.398071	2.145746	-0.000000	
660.984802	2.145033	-0.000000	
662.571533	2.144304	-0.000000	
664.158203	2.143581	-0.000000	
665.744812	2.142868	0.000000	
667.331360	2.142145	0.000000	
668.917847	2.141433	0.000000	
670.504333	2.140718	0.000000	
672.090698	2.140001	-0.000000	
673.677124	2.139299	-0.000000	
675.263367	2.138580	0.000000	
676.849609	2.137871	0.000000	
678.435791	2.137164	0.000000	
680.021912	2.136452	-0.000000	
681.608032	2.135756	-0.000000	
683.194031	2.135041	-0.000000	
684.779968	2.134338	0.000000	
686.365906	2.133636	-0.000000	
687.951782	2.132930	-0.000000	
689.537537	2.132238	-0.000000	
691.123291	2.131530	-0.000000	
692.708984	2.130836	0.000000	
694.294617	2.130135	-0.000000	
695.880188	2.129436	-0.000000	
697.465698	2.128742	-0.000000	
699.051147	2.128042	-0.000000	
700.636597	2.127355	-0.000000	
702.221863	2.126652	-0.000000	
703.807190	2.125964	-0.000000	
705.392395	2.125268	0.000000	
706.977539	2.124575	-0.000000	
708.562622	2.123885	-0.000000	
710.147705	2.123191	-0.000000	
711.732666	2.122506	-0.000000	
713.317627	2.121811	0.000000	
714.902466	2.121130	-0.000000	
716.487244	2.120434	0.000000	
718.072021	2.119755	-0.000000	
719.656677	2.119059	-0.000000	
721.241333	2.118378	-0.000000	
722.825806	2.117688	-0.000000	
724.410339	2.117003	-0.000000	
725.994751	2.116317	0.000000	
727.579163	2.115632	0.000000	
729.163452	2.114947	0.000000	
730.747681	2.114261	0.000000	
732.331848	2.113579	0.000000	
733.915955	2.112894	0.000000	
735.500000	2.112214	-0.000000	
737.083984	2.111527	0.000000	
738.667847	2.110848	-0.000000	
740.251770	2.110162	0.000000	
741.835571	2.109483	-0.000000	
743.419250	2.108797	-0.000000	
745.002869	2.108120	0.000000	
746.586487	2.107433	-0.000000	
748.170044	2.106756	-0.000000	
749.753479	2.106071	-0.000000	
751.336853	2.105394	0.000000	
752.920166	2.104710	-0.000000	
754.503418	2.104032	-0.000000	
756.086609	2.103348	0.000000	
757.669739	2.102670	-0.000000	
759.252808	2.101989	-0.000000	
760.835754	2.101310	-0.000000	
762.418640	2.100630	0.000000	
764.001465	2.099950	-0.000000	
765.584290	2.099272	0.000000	
767.166931	2.098589	-0.000000	
768.749573	2.097914	-0.000000	
770.332153	2.097228	0.000000	
771.914673	2.096556	-0.000000	
773.497009	2.095867	-0.000000	
775.079407	2.095194	-0.000000	
776.661682	2.094507	0.000000	
778.243835	2.093832	0.000000	
779.825989	2.093148	0.000000	
781.408081	2.092470	0.000000	
782.990051	2.091789	0.000000	
784.571960	2.091109	-0.000000	
786.153809	2.090431	0.000000	
787.735535	2.089745	0.000000	
789.317261	2.089072	-0.000000	
790.898865	2.088382	-0.000000	
792.480408	2.087706	-0.000000	
794.061890	2.087020	0.000000	
795.643250	2.086341	-0.000000	
797.224548	2.085659	0.000000	
798.805786	2.084975	-0.000000	
800.387024	2.084298	-0.000000	
801.968079	2.083609	-0.000000	
803.549072	2.082931	-0.000000	
805.130005	2.082242	-0.000000	
806.710876	2.081563	-0.000000	
808.291626	2.080878	0.000000	
809.872375	2.080194	-0.000000	
811.453003	2.079515	0.000000	
813.033569	2.078822	-0.000000	
814.614014	2.078142	0.000000	
816.194458	2.077453	0.000000	
817.774780	2.076770	-0.000000	
819.354980	2.076086	0.000000	
820.935181	2.075396	0.000000	
822.515259	2.074715	-0.000000	
824.095215	2.074022	0.000000	
825.675110	2.073337	0.000000	
827.255005	2.072651	-0.000000	
828.834656	2.071959	0.000000	
830.414368	2.071276	-0.000000	
831.993958	2.070581	0.000000	
833.573425	2.069895	-0.000000	
835.152954	2.069206	0.000000	
836.732239	2.068512	-0.000000	
838.311523	2.067827	0.000000	
839.890747	2.067130	-0.000000	
841.469849	2.066442	0.000000	
843.048828	2.065752	0.000000	
844.627747	2.065054	0.000000	
846.206543	2.064366	0.000000	
847.785339	2.063669	0.000000	
849.364075	2.062976	0.000000	
850.942566	2.062287	0.000000	
852.521118	2.061583	0.000000	
854.099487	2.060892	-0.000000	
855.677856	2.060196	0.000000	
857.256165	2.059497	-0.000000	
858.834290	2.058804	0.000000	
860.412415	2.058101	-0.000000	
861.990356	2.057405	0.000000	
863.568237	2.056712	-0.000000	
865.146118	2.056004	0.000000	
866.723816	2.055308	-0.000000	
868.301453	2.054609	0.000000	
869.879028	2.053903	-0.000000	
871.456421	2.053206	0.000000	
873.033875	2.052501	0.000000	
874.611145	2.051798	-0.000000	
876.188354	2.051099	-0.000000	
877.765442	2.050390	-0.000000	
879.342468	2.049687	0.000000	
880.919434	2.048987	0.000000	
882.496277	2.048273	0.000000	
884.073059	2.047570	-0.000000	
885.649719	2.046865	0.000000	
887.226257	2.046151	0.000000	
888.802734	2.045446	-0.000000	
890.379089	2.044737	-0.000000	
891.955383	2.044023	-0.000000	
893.531555	2.043316	0.000000	
895.107727	2.042604	0.000000	
896.683716	2.041889	-0.000000	
898.259644	2.041180	-0.000000	
899.835449	2.040466	0.000000	
901.411255	2.039750	0.000000	
902.986816	2.039039	0.000000	
904.562378	2.038321	0.000000	
906.137817	2.037603	0.000000	
907.713196	2.036891	0.000000	
909.288452	2.036170	-0.000000	
910.863647	2.035450	0.000000	
912.438660	2.034735	0.000000	
914.013672	2.034013	-0.000000	
915.588562	2.033290	0.000000	
917.163391	2.032573	0.000000	
918.737976	2.031849	0.000000	
920.312622	2.031123	-0.000000	
921.887085	2.030404	-0.000000	
923.461548	2.029679	0.000000	
925.035828	2.028949	-0.000000	
926.609985	2.028227	-0.000000	
928.184082	2.027502	-0.000000	
929.758118	2.026769	0.000000	
931.332031	2.026044	-0.000000	
932.905762	2.025318	0.000000	
934.479492	2.024581	-0.000000	
936.053101	2.023854	-0.000000	
937.626648	2.023127	-0.000000	
939.200012	2.022387	-0.000000	
940.773315	2.021656	0.000000	
942.346497	2.020925	-0.000000	
943.919617	2.020185	0.000000	
945.492554	2.019449	-0.000000	
947.065552	2.018716	0.000000	
948.638306	2.017977	-0.000000	
950.211060	2.017236	-0.000000	
951.783569	2.016500	-0.000000	
953.356079	2.015762	0.000000	
954.928528	2.015015	-0.000000	
956.500793	2.014277	0.000000	
958.072937	2.013538	-0.000000	
959.645020	2.012788	0.000000	
961.216980	2.012044	-0.000000	
962.788879	2.011302	0.000000	
964.360657	2.010554	0.000000	
965.932251	2.009804	-0.000000	
967.503784	2.009059	0.000000	
969.075317	2.008314	0.000000	
970.646606	2.007557	-0.000000	
972.217896	2.006809	-0.000000	
973.788940	2.006061	0.000000	
975.359985	2.005305	-0.000000	
976.930847	2.004550	-0.000000	
978.501648	2.003799	0.000000	
980.072388	2.003046	-0.000000	
981.642944	2.002283	-0.000000	
983.213501	2.001529	-0.000000	
984.783813	2.000774	-0.000000	
986.354126	2.000011	0.000000	
987.924194	1.999250	0.000000	
989.494324	1.998492	-0.000000	
991.064270	1.997733	-0.000000	
992.634094	1.996964	0.000000	
994.203796	1.996202	-0.000000	
995.773315	1.995440	0.000000	
997.342896	1.994672	-0.000000	
998.912292	1.993902	0.000000	
