309.557373	1.931863	0.502899	
311.148682	1.949789	0.511714	
312.740051	1.969023	0.518918	
314.331360	1.989343	0.524340	
315.922760	2.010506	0.527851	
317.514099	2.032258	0.529363	
319.105499	2.054338	0.528827	
320.696869	2.076490	0.526235	
322.288269	2.098465	0.521614	
323.879669	2.120029	0.515026	
325.471069	2.140963	0.506559	
327.062500	2.161070	0.496328	
328.653900	2.180174	0.484468	
330.245331	2.198127	0.471129	
331.836792	2.214802	0.456474	
333.428223	2.230098	0.440674	
335.019684	2.243938	0.423902	
336.611145	2.256270	0.406336	
338.202576	2.267062	0.388150	
339.794037	2.276306	0.369513	
341.385529	2.284011	0.350588	
342.976990	2.290202	0.331531	
344.568481	2.294923	0.312485	
346.159973	2.298227	0.293585	
347.751434	2.300181	0.274951	
349.342957	2.300861	0.256692	
350.934418	2.300350	0.238904	
352.525940	2.298737	0.221670	
354.117401	2.296113	0.205059	
355.708923	2.292573	0.189128	
357.300415	2.288212	0.173923	
358.891907	2.283125	0.159477	
360.483429	2.277404	0.145813	
362.074921	2.271139	0.132945	
363.666443	2.264416	0.120875	
365.257965	2.257318	0.109601	
366.849457	2.249920	0.099111	
368.440979	2.242294	0.089387	
370.032471	2.234506	0.080408	
371.623962	2.226616	0.072145	
373.215485	2.218678	0.064569	
374.806976	2.210741	0.057645	
376.398499	2.202846	0.051340	
377.989990	2.195031	0.045616	
379.581482	2.187328	0.040437	
381.173004	2.179763	0.035764	
382.764465	2.172358	0.031561	
384.355988	2.165132	0.027792	
385.947449	2.158098	0.024422	
387.538971	2.151266	0.021416	
389.130432	2.144644	0.018742	
390.721924	2.138237	0.016370	
392.313416	2.132047	0.014271	
393.904846	2.126073	0.012419	
395.496338	2.120313	0.010787	
397.087799	2.114765	0.009354	
398.679260	2.109425	0.008097	
400.270691	2.104286	0.006998	
401.862122	2.099342	0.006038	
403.453583	2.094588	0.005202	
405.045013	2.090015	0.004475	
406.636414	2.085616	0.003844	
408.227844	2.081384	0.003298	
409.819275	2.077311	0.002825	
411.410706	2.073390	0.002417	
413.002045	2.069613	0.002065	
414.593445	2.065973	0.001763	
416.184814	2.062463	0.001502	
417.776215	2.059076	0.001279	
419.367584	2.055806	0.001088	
420.958923	2.052647	0.000924	
422.550232	2.049592	0.000785	
424.141602	2.046637	0.000665	
425.732910	2.043775	0.000564	
427.324219	2.041002	0.000477	
428.915527	2.038313	0.000403	
430.506836	2.035704	0.000341	
432.098083	2.033172	0.000288	
433.689362	2.030712	0.000243	
435.280609	2.028319	0.000205	
436.871887	2.025991	0.000172	
438.463135	2.023723	0.000145	
440.054352	2.021514	0.000122	
441.645569	2.019361	0.000103	
443.236725	2.017259	0.000086	
444.827942	2.015208	0.000072	
446.419098	2.013205	0.000061	
448.010254	2.011248	0.000051	
449.601379	2.009334	0.000043	
451.192535	2.007462	0.000036	
452.783600	2.005629	0.000030	
454.374695	2.003835	0.000025	
455.965759	2.002078	0.000021	
457.556824	2.000355	0.000018	
459.147888	1.998666	0.000015	
460.738922	1.997010	0.000012	
462.329987	1.995385	0.000010	
463.920959	1.993789	0.000009	
465.511963	1.992222	0.000007	
467.102875	1.990683	0.000006	
468.693848	1.989171	0.000005	
470.284760	1.987684	0.000004	
471.875671	1.986223	0.000003	
473.466614	1.984785	0.000003	
475.057465	1.983370	0.000002	
476.648346	1.981978	0.000002	
478.239166	1.980607	0.000002	
479.829987	1.979257	0.000001	
481.420746	1.977927	0.000001	
483.011566	1.976617	0.000001	
484.602295	1.975326	0.000001	
486.193054	1.974053	0.000001	
487.783752	1.972798	0.000001	
489.374451	1.971560	0.000000	
490.965149	1.970339	0.000000	
492.555756	1.969134	0.000000	
494.146393	1.967945	0.000000	
495.737000	1.966771	0.000000	
497.327576	1.965612	0.000000	
498.918152	1.964467	0.000000	
500.508698	1.963337	0.000000	
502.099213	1.962220	0.000000	
503.689697	1.961116	0.000000	
505.280182	1.960025	0.000000	
506.870605	1.958946	0.000000	
508.461029	1.957880	0.000000	
510.051422	1.956826	0.000000	
511.641785	1.955783	0.000000	
513.232117	1.954751	0.000000	
514.822449	1.953731	0.000000	
516.412720	1.952721	0.000000	
518.003052	1.951721	0.000000	
519.593262	1.950732	0.000000	
521.183472	1.949752	0.000000	
522.773682	1.948782	0.000000	
524.363831	1.947821	0.000000	
525.953979	1.946870	0.000000	
527.544067	1.945928	0.000000	
529.134155	1.944994	0.000000	
530.724182	1.944068	0.000000	
532.314209	1.943151	0.000000	
533.904175	1.942242	0.000000	
535.494141	1.941341	0.000000	
537.084106	1.940448	0.000000	
538.673950	1.939562	0.000000	
540.263855	1.938684	0.000000	
541.853699	1.937812	0.000000	
543.443481	1.936948	0.000000	
545.033325	1.936090	0.000000	
546.623047	1.935240	0.000000	
548.212769	1.934395	0.000000	
549.802429	1.933558	0.000000	
551.392090	1.932726	0.000000	
552.981689	1.931901	0.000000	
554.571289	1.931081	0.000000	
556.160828	1.930267	0.000000	
557.750366	1.929459	0.000000	
559.339844	1.928657	0.000000	
560.929321	1.927860	0.000000	
562.518677	1.927069	0.000000	
564.108093	1.926282	0.000000	
565.697449	1.925501	0.000000	
567.286743	1.924725	0.000000	
568.876099	1.923953	0.000000	
570.465271	1.923187	0.000000	
572.054565	1.922425	0.000000	
573.643677	1.921667	0.000000	
575.232788	1.920915	0.000000	
576.821899	1.920166	0.000000	
578.411011	1.919422	0.000000	
580.000061	1.918682	0.000000	
581.588989	1.917946	0.000000	
583.177979	1.917214	0.000000	
584.766907	1.916486	0.000000	
586.355774	1.915762	0.000000	
587.944580	1.915042	0.000000	
589.533386	1.914325	0.000000	
591.122192	1.913612	-0.000000	
592.710876	1.912903	0.000000	
594.299561	1.912197	0.000000	
595.888245	1.911494	0.000000	
597.476807	1.910795	0.000000	
599.065369	1.910099	-0.000000	
600.653931	1.909406	0.000000	
602.242371	1.908717	-0.000000	
603.830811	1.908030	0.000000	
605.419189	1.907347	-0.000000	
607.007568	1.906666	0.000000	
608.595886	1.905988	0.000000	
610.184143	1.905313	0.000000	
611.772339	1.904641	0.000000	
613.360535	1.903971	-0.000000	
614.948730	1.903304	-0.000000	
616.536804	1.902640	-0.000000	
618.124878	1.901978	-0.000000	
619.712891	1.901319	-0.000000	