-4.000000000000000000e+00 -4.000000000000000000e+00 nan
-3.500000000000000000e+00 -4.000000000000000000e+00 nan
-3.000000000000000000e+00 -4.000000000000000000e+00 nan
-2.500000000000000000e+00 -4.000000000000000000e+00 1.441030945906614513e-01
-2.000000000000000000e+00 -4.000000000000000000e+00 1.717835400545332236e-01
-1.500000000000000000e+00 -4.000000000000000000e+00 2.012055644467508064e-01
-1.000000000000000000e+00 -4.000000000000000000e+00 2.324238111867788226e-01
-5.000000000000000000e-01 -4.000000000000000000e+00 2.626453734387595440e-01
0.000000000000000000e+00 -4.000000000000000000e+00 3.005245635094811463e-01
5.000000000000000000e-01 -4.000000000000000000e+00 3.296297673404622874e-01
1.000000000000000000e+00 -4.000000000000000000e+00 nan
1.500000000000000000e+00 -4.000000000000000000e+00 nan
2.000000000000000000e+00 -4.000000000000000000e+00 nan
2.500000000000000000e+00 -4.000000000000000000e+00 nan
3.000000000000000000e+00 -4.000000000000000000e+00 nan
3.500000000000000000e+00 -4.000000000000000000e+00 nan
4.000000000000000000e+00 -4.000000000000000000e+00 nan
-4.000000000000000000e+00 -3.500000000000000000e+00 nan
-3.500000000000000000e+00 -3.500000000000000000e+00 nan
-3.000000000000000000e+00 -3.500000000000000000e+00 1.276900303825978522e-01
-2.500000000000000000e+00 -3.500000000000000000e+00 1.638694118917749520e-01
-2.000000000000000000e+00 -3.500000000000000000e+00 1.938240775825572637e-01
-1.500000000000000000e+00 -3.500000000000000000e+00 2.236028413820880800e-01
-1.000000000000000000e+00 -3.500000000000000000e+00 2.539045561799908035e-01
-5.000000000000000000e-01 -3.500000000000000000e+00 2.820504811859823602e-01
0.000000000000000000e+00 -3.500000000000000000e+00 3.246646655653723790e-01
5.000000000000000000e-01 -3.500000000000000000e+00 3.668279873754028975e-01
1.000000000000000000e+00 -3.500000000000000000e+00 4.085552757570868887e-01
1.500000000000000000e+00 -3.500000000000000000e+00 4.532041940274643688e-01
2.000000000000000000e+00 -3.500000000000000000e+00 5.099314144598554588e-01
2.500000000000000000e+00 -3.500000000000000000e+00 nan
3.000000000000000000e+00 -3.500000000000000000e+00 nan
3.500000000000000000e+00 -3.500000000000000000e+00 nan
4.000000000000000000e+00 -3.500000000000000000e+00 nan
-4.000000000000000000e+00 -3.000000000000000000e+00 nan
-3.500000000000000000e+00 -3.000000000000000000e+00 nan
-3.000000000000000000e+00 -3.000000000000000000e+00 1.509316896812368525e-01
-2.500000000000000000e+00 -3.000000000000000000e+00 1.840405637132695726e-01
-2.000000000000000000e+00 -3.000000000000000000e+00 2.148161923197547951e-01
-1.500000000000000000e+00 -3.000000000000000000e+00 2.491977295549517302e-01
-1.000000000000000000e+00 -3.000000000000000000e+00 2.771607430506700664e-01
-5.000000000000000000e-01 -3.000000000000000000e+00 3.148947295914382716e-01
0.000000000000000000e+00 -3.000000000000000000e+00 3.609083935588991432e-01
5.000000000000000000e-01 -3.000000000000000000e+00 4.130336537775149974e-01
1.000000000000000000e+00 -3.000000000000000000e+00 4.576492124669804817e-01
1.500000000000000000e+00 -3.000000000000000000e+00 5.088143758436597386e-01
2.000000000000000000e+00 -3.000000000000000000e+00 5.703751064023524497e-01
2.500000000000000000e+00 -3.000000000000000000e+00 6.754349681361709878e-01
3.000000000000000000e+00 -3.000000000000000000e+00 8.002170537641313253e-01
3.500000000000000000e+00 -3.000000000000000000e+00 9.639592396420731957e-01
4.000000000000000000e+00 -3.000000000000000000e+00 nan
-4.000000000000000000e+00 -2.500000000000000000e+00 nan
-3.500000000000000000e+00 -2.500000000000000000e+00 nan
-3.000000000000000000e+00 -2.500000000000000000e+00 1.890849762631685860e-01
-2.500000000000000000e+00 -2.500000000000000000e+00 2.127874936407589124e-01
-2.000000000000000000e+00 -2.500000000000000000e+00 2.418357625238871378e-01
-1.500000000000000000e+00 -2.500000000000000000e+00 2.715328532898067526e-01
-1.000000000000000000e+00 -2.500000000000000000e+00 3.058189757604412584e-01
-5.000000000000000000e-01 -2.500000000000000000e+00 3.461059436042026038e-01
0.000000000000000000e+00 -2.500000000000000000e+00 3.912641196697333457e-01
5.000000000000000000e-01 -2.500000000000000000e+00 4.479544312192340616e-01
1.000000000000000000e+00 -2.500000000000000000e+00 4.964938724501747891e-01
1.500000000000000000e+00 -2.500000000000000000e+00 5.566868333315995176e-01
2.000000000000000000e+00 -2.500000000000000000e+00 6.405216908050621605e-01
2.500000000000000000e+00 -2.500000000000000000e+00 7.682193242861834470e-01
3.000000000000000000e+00 -2.500000000000000000e+00 8.909788370068923991e-01
3.500000000000000000e+00 -2.500000000000000000e+00 1.096989473765914047e+00
4.000000000000000000e+00 -2.500000000000000000e+00 1.338225927071104771e+00
-4.000000000000000000e+00 -2.000000000000000000e+00 nan
-3.500000000000000000e+00 -2.000000000000000000e+00 2.060277955459610399e-01
-3.000000000000000000e+00 -2.000000000000000000e+00 2.271293829279182885e-01
-2.500000000000000000e+00 -2.000000000000000000e+00 2.520835599811293015e-01
-2.000000000000000000e+00 -2.000000000000000000e+00 2.856035359004174823e-01
-1.500000000000000000e+00 -2.000000000000000000e+00 3.221781966939905040e-01
-1.000000000000000000e+00 -2.000000000000000000e+00 3.562996129301914117e-01
-5.000000000000000000e-01 -2.000000000000000000e+00 3.936780452312921286e-01
0.000000000000000000e+00 -2.000000000000000000e+00 4.373561722814995889e-01
5.000000000000000000e-01 -2.000000000000000000e+00 4.962808222241903433e-01
1.000000000000000000e+00 -2.000000000000000000e+00 5.571329574638697046e-01
1.500000000000000000e+00 -2.000000000000000000e+00 6.329795594381989465e-01
2.000000000000000000e+00 -2.000000000000000000e+00 7.385901828471047592e-01
2.500000000000000000e+00 -2.000000000000000000e+00 9.113009606876557589e-01
3.000000000000000000e+00 -2.000000000000000000e+00 1.086077035713333805e+00
3.500000000000000000e+00 -2.000000000000000000e+00 1.312793479143572917e+00
4.000000000000000000e+00 -2.000000000000000000e+00 1.558141560031545358e+00
-4.000000000000000000e+00 -1.500000000000000000e+00 nan
-3.500000000000000000e+00 -1.500000000000000000e+00 2.350771607867257196e-01
-3.000000000000000000e+00 -1.500000000000000000e+00 2.603598419528635466e-01
-2.500000000000000000e+00 -1.500000000000000000e+00 2.903901175231228260e-01
-2.000000000000000000e+00 -1.500000000000000000e+00 3.318304686435758488e-01
-1.500000000000000000e+00 -1.500000000000000000e+00 3.685290449439014848e-01
-1.000000000000000000e+00 -1.500000000000000000e+00 4.045784721206260870e-01
-5.000000000000000000e-01 -1.500000000000000000e+00 4.432977172932970333e-01
0.000000000000000000e+00 -1.500000000000000000e+00 4.841906535358680985e-01
5.000000000000000000e-01 -1.500000000000000000e+00 5.499215883656365378e-01
1.000000000000000000e+00 -1.500000000000000000e+00 6.293242919849648676e-01
1.500000000000000000e+00 -1.500000000000000000e+00 7.359011994007357282e-01
2.000000000000000000e+00 -1.500000000000000000e+00 8.701575215886119263e-01
2.500000000000000000e+00 -1.500000000000000000e+00 1.046104287469059146e+00
3.000000000000000000e+00 -1.500000000000000000e+00 1.284535597438017041e+00
3.500000000000000000e+00 -1.500000000000000000e+00 1.542259651462010828e+00
4.000000000000000000e+00 -1.500000000000000000e+00 1.847747051384337258e+00
-4.000000000000000000e+00 -1.000000000000000000e+00 nan
-3.500000000000000000e+00 -1.000000000000000000e+00 2.761279966101178318e-01
-3.000000000000000000e+00 -1.000000000000000000e+00 3.093520729672273872e-01
-2.500000000000000000e+00 -1.000000000000000000e+00 3.459998999776612294e-01
-2.000000000000000000e+00 -1.000000000000000000e+00 3.855561092211582386e-01
-1.500000000000000000e+00 -1.000000000000000000e+00 4.178459461558339250e-01
-1.000000000000000000e+00 -1.000000000000000000e+00 4.520578488131982708e-01
-5.000000000000000000e-01 -1.000000000000000000e+00 4.938646730398883467e-01
0.000000000000000000e+00 -1.000000000000000000e+00 5.509449506961131560e-01
5.000000000000000000e-01 -1.000000000000000000e+00 6.335093539980310995e-01
1.000000000000000000e+00 -1.000000000000000000e+00 7.441934741304587764e-01
1.500000000000000000e+00 -1.000000000000000000e+00 8.888031870340096230e-01
2.000000000000000000e+00 -1.000000000000000000e+00 1.084342462427827947e+00
2.500000000000000000e+00 -1.000000000000000000e+00 1.301613027702419600e+00
3.000000000000000000e+00 -1.000000000000000000e+00 1.562716611647354092e+00
3.500000000000000000e+00 -1.000000000000000000e+00 1.850319813302694127e+00
4.000000000000000000e+00 -1.000000000000000000e+00 2.260090130809876641e+00
-4.000000000000000000e+00 -5.000000000000000000e-01 2.954110155947702321e-01
-3.500000000000000000e+00 -5.000000000000000000e-01 3.269545064737915396e-01
-3.000000000000000000e+00 -5.000000000000000000e-01 3.552776305784454691e-01
-2.500000000000000000e+00 -5.000000000000000000e-01 3.937375828480981776e-01
-2.000000000000000000e+00 -5.000000000000000000e-01 4.260063211538449024e-01
-1.500000000000000000e+00 -5.000000000000000000e-01 4.545564425810973419e-01
-1.000000000000000000e+00 -5.000000000000000000e-01 4.980371392469902792e-01
-5.000000000000000000e-01 -5.000000000000000000e-01 5.637540855662263040e-01
0.000000000000000000e+00 -5.000000000000000000e-01 6.527155146102670003e-01
5.000000000000000000e-01 -5.000000000000000000e-01 7.500854784856297863e-01
1.000000000000000000e+00 -5.000000000000000000e-01 8.958134830240315205e-01
1.500000000000000000e+00 -5.000000000000000000e-01 1.068595942349219285e+00
2.000000000000000000e+00 -5.000000000000000000e-01 1.281713423359482906e+00
2.500000000000000000e+00 -5.000000000000000000e-01 1.601220441076109058e+00
3.000000000000000000e+00 -5.000000000000000000e-01 1.929136119340747468e+00
3.500000000000000000e+00 -5.000000000000000000e-01 2.329560117587764712e+00
4.000000000000000000e+00 -5.000000000000000000e-01 2.889584367455537262e+00
-4.000000000000000000e+00 0.000000000000000000e+00 3.482985273575548435e-01
-3.500000000000000000e+00 0.000000000000000000e+00 3.818152609789814966e-01
-3.000000000000000000e+00 0.000000000000000000e+00 4.119864468376884248e-01
-2.500000000000000000e+00 0.000000000000000000e+00 4.329601287368634588e-01
-2.000000000000000000e+00 0.000000000000000000e+00 4.630268273083376074e-01
-1.500000000000000000e+00 0.000000000000000000e+00 5.021354957007729825e-01
-1.000000000000000000e+00 0.000000000000000000e+00 5.645189269389040421e-01
-5.000000000000000000e-01 0.000000000000000000e+00 6.648573984760201006e-01
0.000000000000000000e+00 0.000000000000000000e+00 7.909432612458706657e-01
5.000000000000000000e-01 0.000000000000000000e+00 9.296492446397087717e-01
1.000000000000000000e+00 0.000000000000000000e+00 1.092868563208486909e+00
1.500000000000000000e+00 0.000000000000000000e+00 1.347962999038851528e+00
2.000000000000000000e+00 0.000000000000000000e+00 1.632252707730092567e+00
2.500000000000000000e+00 0.000000000000000000e+00 2.010132572288810593e+00
3.000000000000000000e+00 0.000000000000000000e+00 2.411351422593685179e+00
3.500000000000000000e+00 0.000000000000000000e+00 2.938256606223224932e+00
4.000000000000000000e+00 0.000000000000000000e+00 3.569796116013604248e+00
-4.000000000000000000e+00 5.000000000000000000e-01 4.138394318771302927e-01
-3.500000000000000000e+00 5.000000000000000000e-01 4.489506015759797131e-01
-3.000000000000000000e+00 5.000000000000000000e-01 4.800672030313631322e-01
-2.500000000000000000e+00 5.000000000000000000e-01 4.951603816117967072e-01
-2.000000000000000000e+00 5.000000000000000000e-01 5.274013349259302208e-01
-1.500000000000000000e+00 5.000000000000000000e-01 5.788892210214254819e-01
-1.000000000000000000e+00 5.000000000000000000e-01 6.697024999910238252e-01
-5.000000000000000000e-01 5.000000000000000000e-01 8.016889316556405909e-01
0.000000000000000000e+00 5.000000000000000000e-01 9.570777395784905162e-01
5.000000000000000000e-01 5.000000000000000000e-01 1.131966695184103422e+00
1.000000000000000000e+00 5.000000000000000000e-01 1.360360162739608025e+00
1.500000000000000000e+00 5.000000000000000000e-01 1.649355264953919153e+00
2.000000000000000000e+00 5.000000000000000000e-01 2.021959263472091539e+00
2.500000000000000000e+00 5.000000000000000000e-01 2.442311415334901703e+00
3.000000000000000000e+00 5.000000000000000000e-01 3.010063838903320299e+00
3.500000000000000000e+00 5.000000000000000000e-01 3.709548814043993836e+00
4.000000000000000000e+00 5.000000000000000000e-01 4.451238400554342611e+00
-4.000000000000000000e+00 1.000000000000000000e+00 4.750933532531411152e-01
-3.500000000000000000e+00 1.000000000000000000e+00 5.066561844765344880e-01
-3.000000000000000000e+00 1.000000000000000000e+00 5.391030610277655066e-01
-2.500000000000000000e+00 1.000000000000000000e+00 5.761900698515535213e-01
-2.000000000000000000e+00 1.000000000000000000e+00 6.345142425125649410e-01
-1.500000000000000000e+00 1.000000000000000000e+00 7.140226589889380193e-01
-1.000000000000000000e+00 1.000000000000000000e+00 8.315218962927617419e-01
-5.000000000000000000e-01 1.000000000000000000e+00 9.905569645832676962e-01
0.000000000000000000e+00 1.000000000000000000e+00 1.187437093403865829e+00
5.000000000000000000e-01 1.000000000000000000e+00 1.435395738754858597e+00
1.000000000000000000e+00 1.000000000000000000e+00 1.719162258141402111e+00
1.500000000000000000e+00 1.000000000000000000e+00 2.064867779065977516e+00
2.000000000000000000e+00 1.000000000000000000e+00 2.476376038078582198e+00
2.500000000000000000e+00 1.000000000000000000e+00 3.027882774541989619e+00
3.000000000000000000e+00 1.000000000000000000e+00 3.679802289883052246e+00
3.500000000000000000e+00 1.000000000000000000e+00 4.453231698854790643e+00
4.000000000000000000e+00 1.000000000000000000e+00 nan
-4.000000000000000000e+00 1.500000000000000000e+00 5.297218877824036998e-01
-3.500000000000000000e+00 1.500000000000000000e+00 5.696460032124579520e-01
-3.000000000000000000e+00 1.500000000000000000e+00 6.228234550064736252e-01
-2.500000000000000000e+00 1.500000000000000000e+00 6.892624331272294569e-01
-2.000000000000000000e+00 1.500000000000000000e+00 7.753845603070100845e-01
-1.500000000000000000e+00 1.500000000000000000e+00 8.905114688423069191e-01
-1.000000000000000000e+00 1.500000000000000000e+00 1.038513853340830018e+00
-5.000000000000000000e-01 1.500000000000000000e+00 1.235109131130230464e+00
0.000000000000000000e+00 1.500000000000000000e+00 1.493321730687891202e+00
5.000000000000000000e-01 1.500000000000000000e+00 1.806896757758733152e+00
1.000000000000000000e+00 1.500000000000000000e+00 2.158577827853286557e+00
1.500000000000000000e+00 1.500000000000000000e+00 2.531947069167323150e+00
2.000000000000000000e+00 1.500000000000000000e+00 3.065028266975923454e+00
2.500000000000000000e+00 1.500000000000000000e+00 3.762022108485083116e+00
3.000000000000000000e+00 1.500000000000000000e+00 4.581785965019494533e+00
3.500000000000000000e+00 1.500000000000000000e+00 5.335853241641508760e+00
4.000000000000000000e+00 1.500000000000000000e+00 nan
-4.000000000000000000e+00 2.000000000000000000e+00 6.103093767270034720e-01
-3.500000000000000000e+00 2.000000000000000000e+00 6.632907991893610689e-01
-3.000000000000000000e+00 2.000000000000000000e+00 7.417638388055530774e-01
-2.500000000000000000e+00 2.000000000000000000e+00 8.459808934398880265e-01
-2.000000000000000000e+00 2.000000000000000000e+00 9.574917235553083161e-01
-1.500000000000000000e+00 2.000000000000000000e+00 1.101599388277338276e+00
-1.000000000000000000e+00 2.000000000000000000e+00 1.297827805896152986e+00
-5.000000000000000000e-01 2.000000000000000000e+00 1.544692649018881925e+00
0.000000000000000000e+00 2.000000000000000000e+00 1.872728324225078733e+00
5.000000000000000000e-01 2.000000000000000000e+00 2.238824610670199444e+00
1.000000000000000000e+00 2.000000000000000000e+00 2.628464581376232623e+00
1.500000000000000000e+00 2.000000000000000000e+00 3.102811401642023625e+00
2.000000000000000000e+00 2.000000000000000000e+00 3.684895674233791052e+00
2.500000000000000000e+00 2.000000000000000000e+00 4.481159815388167544e+00
3.000000000000000000e+00 2.000000000000000000e+00 5.400162157980300748e+00
3.500000000000000000e+00 2.000000000000000000e+00 6.168947605378029664e+00
4.000000000000000000e+00 2.000000000000000000e+00 nan
-4.000000000000000000e+00 2.500000000000000000e+00 7.223943112082553686e-01
-3.500000000000000000e+00 2.500000000000000000e+00 7.989019315337088090e-01
-3.000000000000000000e+00 2.500000000000000000e+00 8.882093665531634041e-01
-2.500000000000000000e+00 2.500000000000000000e+00 1.014536988940968554e+00
-2.000000000000000000e+00 2.500000000000000000e+00 1.167843105406825677e+00
-1.500000000000000000e+00 2.500000000000000000e+00 1.360931968536387870e+00
-1.000000000000000000e+00 2.500000000000000000e+00 1.605268902383482743e+00
-5.000000000000000000e-01 2.500000000000000000e+00 1.924878397515346728e+00
0.000000000000000000e+00 2.500000000000000000e+00 2.277218924021034763e+00
5.000000000000000000e-01 2.500000000000000000e+00 2.680342543278744660e+00
1.000000000000000000e+00 2.500000000000000000e+00 3.187892870829959424e+00
1.500000000000000000e+00 2.500000000000000000e+00 3.825971022529627064e+00
2.000000000000000000e+00 2.500000000000000000e+00 4.533376502927362495e+00
2.500000000000000000e+00 2.500000000000000000e+00 5.398416035836466342e+00
3.000000000000000000e+00 2.500000000000000000e+00 6.279299963783685712e+00
3.500000000000000000e+00 2.500000000000000000e+00 nan
4.000000000000000000e+00 2.500000000000000000e+00 nan
-4.000000000000000000e+00 3.000000000000000000e+00 nan
-3.500000000000000000e+00 3.000000000000000000e+00 9.455222044591908848e-01
-3.000000000000000000e+00 3.000000000000000000e+00 1.071267223281576531e+00
-2.500000000000000000e+00 3.000000000000000000e+00 1.229617816930868246e+00
-2.000000000000000000e+00 3.000000000000000000e+00 1.444660117121035370e+00
-1.500000000000000000e+00 3.000000000000000000e+00 1.687404610193682819e+00
-1.000000000000000000e+00 3.000000000000000000e+00 2.007900533904026119e+00
-5.000000000000000000e-01 3.000000000000000000e+00 2.345521954469503179e+00
0.000000000000000000e+00 3.000000000000000000e+00 2.702974848894562854e+00
5.000000000000000000e-01 3.000000000000000000e+00 3.175998639544162838e+00
1.000000000000000000e+00 3.000000000000000000e+00 3.835412038606690555e+00
1.500000000000000000e+00 3.000000000000000000e+00 4.649300870453218160e+00
2.000000000000000000e+00 3.000000000000000000e+00 5.542796086589101279e+00
2.500000000000000000e+00 3.000000000000000000e+00 6.532077190298343439e+00
3.000000000000000000e+00 3.000000000000000000e+00 7.673921698266550351e+00
3.500000000000000000e+00 3.000000000000000000e+00 nan
4.000000000000000000e+00 3.000000000000000000e+00 nan
-4.000000000000000000e+00 3.500000000000000000e+00 nan
-3.500000000000000000e+00 3.500000000000000000e+00 nan
-3.000000000000000000e+00 3.500000000000000000e+00 nan
-2.500000000000000000e+00 3.500000000000000000e+00 nan
-2.000000000000000000e+00 3.500000000000000000e+00 1.751926058467243141e+00
-1.500000000000000000e+00 3.500000000000000000e+00 2.093323376694104621e+00
-1.000000000000000000e+00 3.500000000000000000e+00 2.454458129534713429e+00
-5.000000000000000000e-01 3.500000000000000000e+00 2.840981353937900078e+00
0.000000000000000000e+00 3.500000000000000000e+00 3.282186091075557144e+00
5.000000000000000000e-01 3.500000000000000000e+00 3.889304911590650615e+00
1.000000000000000000e+00 3.500000000000000000e+00 4.667820939732592045e+00
1.500000000000000000e+00 3.500000000000000000e+00 5.696250944792502935e+00
2.000000000000000000e+00 3.500000000000000000e+00 6.688200161251973697e+00
2.500000000000000000e+00 3.500000000000000000e+00 7.857109849381633815e+00
3.000000000000000000e+00 3.500000000000000000e+00 9.255496249606377290e+00
3.500000000000000000e+00 3.500000000000000000e+00 nan
4.000000000000000000e+00 3.500000000000000000e+00 nan
-4.000000000000000000e+00 4.000000000000000000e+00 nan
-3.500000000000000000e+00 4.000000000000000000e+00 nan
-3.000000000000000000e+00 4.000000000000000000e+00 nan
-2.500000000000000000e+00 4.000000000000000000e+00 nan
-2.000000000000000000e+00 4.000000000000000000e+00 nan
-1.500000000000000000e+00 4.000000000000000000e+00 nan
-1.000000000000000000e+00 4.000000000000000000e+00 nan
-5.000000000000000000e-01 4.000000000000000000e+00 3.466515498570207132e+00
0.000000000000000000e+00 4.000000000000000000e+00 4.035656732505104927e+00
5.000000000000000000e-01 4.000000000000000000e+00 4.775264443410617510e+00
1.000000000000000000e+00 4.000000000000000000e+00 5.736550808997431972e+00
1.500000000000000000e+00 4.000000000000000000e+00 6.899187504508201840e+00
2.000000000000000000e+00 4.000000000000000000e+00 8.148721298449746797e+00
2.500000000000000000e+00 4.000000000000000000e+00 9.458190958745335664e+00
3.000000000000000000e+00 4.000000000000000000e+00 nan
3.500000000000000000e+00 4.000000000000000000e+00 nan
4.000000000000000000e+00 4.000000000000000000e+00 nan
