-4.000000000000000000e+00 4.000000000000000000e+00 8.368137968810819061e+00
-3.500000000000000000e+00 4.000000000000000000e+00 8.110270095502405852e+00
-3.000000000000000000e+00 4.000000000000000000e+00 6.323653402650407429e+00
-2.500000000000000000e+00 4.000000000000000000e+00 4.809093577020012944e+00
-2.000000000000000000e+00 4.000000000000000000e+00 3.864138882445709910e+00
-1.500000000000000000e+00 4.000000000000000000e+00 3.068263204919689180e+00
-1.000000000000000000e+00 4.000000000000000000e+00 2.487853314101628577e+00
-5.000000000000000000e-01 4.000000000000000000e+00 2.037420107499184674e+00
0.000000000000000000e+00 4.000000000000000000e+00 1.805479050228603555e+00
5.000000000000000000e-01 4.000000000000000000e+00 1.520268503116902981e+00
1.000000000000000000e+00 4.000000000000000000e+00 1.300596425334545447e+00
1.500000000000000000e+00 4.000000000000000000e+00 1.137163258470835325e+00
2.000000000000000000e+00 4.000000000000000000e+00 9.561085745542127201e-01
2.500000000000000000e+00 4.000000000000000000e+00 8.693820661305432518e-01
3.000000000000000000e+00 4.000000000000000000e+00 7.271804321028089158e-01
3.500000000000000000e+00 4.000000000000000000e+00 5.757585011300102584e-01
4.000000000000000000e+00 4.000000000000000000e+00 4.384928539243392875e-01
4.000000000000000000e+00 3.500000000000000000e+00 7.786986205001823480e-01
3.500000000000000000e+00 3.500000000000000000e+00 8.642693528085980681e-01
3.000000000000000000e+00 3.500000000000000000e+00 9.957028413029190839e-01
2.500000000000000000e+00 3.500000000000000000e+00 1.091628550480050697e+00
2.000000000000000000e+00 3.500000000000000000e+00 1.250444974898711425e+00
1.500000000000000000e+00 3.500000000000000000e+00 1.362692245313420703e+00
1.000000000000000000e+00 3.500000000000000000e+00 1.572876597481696948e+00
5.000000000000000000e-01 3.500000000000000000e+00 1.794250882442144368e+00
0.000000000000000000e+00 3.500000000000000000e+00 2.158078102838324241e+00
-5.000000000000000000e-01 3.500000000000000000e+00 2.474982546397031857e+00
-1.000000000000000000e+00 3.500000000000000000e+00 3.146146192829611721e+00
-1.500000000000000000e+00 3.500000000000000000e+00 3.796712226030583448e+00
-2.000000000000000000e+00 3.500000000000000000e+00 4.845614903929571504e+00
-2.500000000000000000e+00 3.500000000000000000e+00 6.836710794643741096e+00
-3.000000000000000000e+00 3.500000000000000000e+00 9.107370232511199148e+00
-3.500000000000000000e+00 3.500000000000000000e+00 1.155786120163389086e+01
-4.000000000000000000e+00 3.500000000000000000e+00 1.382677014114918634e+01
-4.000000000000000000e+00 3.000000000000000000e+00 1.536015650689096823e+01
-3.500000000000000000e+00 3.000000000000000000e+00 1.403127251039607515e+01
-3.000000000000000000e+00 3.000000000000000000e+00 1.243881777189088034e+01
-2.500000000000000000e+00 3.000000000000000000e+00 9.717937118192370605e+00
-2.000000000000000000e+00 3.000000000000000000e+00 7.275128698321507770e+00
-1.500000000000000000e+00 3.000000000000000000e+00 5.641757914009604136e+00
-1.000000000000000000e+00 3.000000000000000000e+00 4.204507539348885103e+00
-5.000000000000000000e-01 3.000000000000000000e+00 3.240795231388639674e+00
0.000000000000000000e+00 3.000000000000000000e+00 2.750462157243751093e+00
5.000000000000000000e-01 3.000000000000000000e+00 2.324948285887589172e+00
1.000000000000000000e+00 3.000000000000000000e+00 1.967927932676833969e+00
1.500000000000000000e+00 3.000000000000000000e+00 1.729310279781242521e+00
2.000000000000000000e+00 3.000000000000000000e+00 1.498367817603347918e+00
2.500000000000000000e+00 3.000000000000000000e+00 1.331189705072916230e+00
3.000000000000000000e+00 3.000000000000000000e+00 1.234251454741372989e+00
3.500000000000000000e+00 3.000000000000000000e+00 1.139175733220030073e+00
4.000000000000000000e+00 3.000000000000000000e+00 1.142937322645081633e+00
4.000000000000000000e+00 2.500000000000000000e+00 1.236980218330233638e+00
3.500000000000000000e+00 2.500000000000000000e+00 1.323085278716166657e+00
3.000000000000000000e+00 2.500000000000000000e+00 1.460804309422796488e+00
2.500000000000000000e+00 2.500000000000000000e+00 1.683378442679659859e+00
2.000000000000000000e+00 2.500000000000000000e+00 1.859405582011485203e+00
1.500000000000000000e+00 2.500000000000000000e+00 2.067276001815264497e+00
1.000000000000000000e+00 2.500000000000000000e+00 2.413906237029427082e+00
5.000000000000000000e-01 2.500000000000000000e+00 2.957947680962144332e+00
0.000000000000000000e+00 2.500000000000000000e+00 3.717558811609775749e+00
-5.000000000000000000e-01 2.500000000000000000e+00 4.582661176487933474e+00
-1.000000000000000000e+00 2.500000000000000000e+00 6.267938199820451750e+00
-1.500000000000000000e+00 2.500000000000000000e+00 8.411257708316862036e+00
-2.000000000000000000e+00 2.500000000000000000e+00 1.113855923724340080e+01
-2.500000000000000000e+00 2.500000000000000000e+00 1.311826909488106629e+01
-3.000000000000000000e+00 2.500000000000000000e+00 1.484210159812799645e+01
-3.500000000000000000e+00 2.500000000000000000e+00 1.536399656424063309e+01
-4.000000000000000000e+00 2.500000000000000000e+00 1.590226782580800347e+01
-4.000000000000000000e+00 2.000000000000000000e+00 1.429700243642371227e+01
-3.500000000000000000e+00 2.000000000000000000e+00 1.572075174279619070e+01
-3.000000000000000000e+00 2.000000000000000000e+00 1.598737593437465598e+01
-2.500000000000000000e+00 2.000000000000000000e+00 1.512918586738315163e+01
-2.000000000000000000e+00 2.000000000000000000e+00 1.413147412682360127e+01
-1.500000000000000000e+00 2.000000000000000000e+00 1.187040236428935636e+01
-1.000000000000000000e+00 2.000000000000000000e+00 9.760067652207853328e+00
-5.000000000000000000e-01 2.000000000000000000e+00 6.910856756094707620e+00
0.000000000000000000e+00 2.000000000000000000e+00 5.405166424592003693e+00
5.000000000000000000e-01 2.000000000000000000e+00 4.118213530058125293e+00
1.000000000000000000e+00 2.000000000000000000e+00 3.289676934891537119e+00
1.500000000000000000e+00 2.000000000000000000e+00 2.824528192495395107e+00
2.000000000000000000e+00 2.000000000000000000e+00 2.426222734861786190e+00
2.500000000000000000e+00 2.000000000000000000e+00 2.068253681864333782e+00
3.000000000000000000e+00 2.000000000000000000e+00 1.830861981275786921e+00
3.500000000000000000e+00 2.000000000000000000e+00 1.702966793581157878e+00
4.000000000000000000e+00 2.000000000000000000e+00 1.837146920131184302e+00
4.000000000000000000e+00 1.500000000000000000e+00 1.766189619081933060e+00
3.500000000000000000e+00 1.500000000000000000e+00 2.032832825417850930e+00
3.000000000000000000e+00 1.500000000000000000e+00 2.275640771169712639e+00
2.500000000000000000e+00 1.500000000000000000e+00 2.604784077951102006e+00
2.000000000000000000e+00 1.500000000000000000e+00 3.163105261990611705e+00
1.500000000000000000e+00 1.500000000000000000e+00 3.827425182077884180e+00
1.000000000000000000e+00 1.500000000000000000e+00 4.687313132136783800e+00
5.000000000000000000e-01 1.500000000000000000e+00 6.042690680754742694e+00
0.000000000000000000e+00 1.500000000000000000e+00 7.686656078843260076e+00
-5.000000000000000000e-01 1.500000000000000000e+00 9.947935379752063767e+00
-1.000000000000000000e+00 1.500000000000000000e+00 1.287120939925875440e+01
-1.500000000000000000e+00 1.500000000000000000e+00 1.472227203951843499e+01
-2.000000000000000000e+00 1.500000000000000000e+00 1.583324745441095871e+01
-2.500000000000000000e+00 1.500000000000000000e+00 1.636885728669089701e+01
-3.000000000000000000e+00 1.500000000000000000e+00 1.599367533662084639e+01
-3.500000000000000000e+00 1.500000000000000000e+00 1.440414009572391407e+01
-4.000000000000000000e+00 1.500000000000000000e+00 1.256131045637783217e+01
-4.000000000000000000e+00 1.000000000000000000e+00 7.954338669266544315e+00
-3.500000000000000000e+00 1.000000000000000000e+00 1.085555132990758054e+01
-3.000000000000000000e+00 1.000000000000000000e+00 1.335624927043603272e+01
-2.500000000000000000e+00 1.000000000000000000e+00 1.551060489149162969e+01
-2.000000000000000000e+00 1.000000000000000000e+00 1.599119203507792619e+01
-1.500000000000000000e+00 1.000000000000000000e+00 1.590438598686894522e+01
-1.000000000000000000e+00 1.000000000000000000e+00 1.525960726976285109e+01
-5.000000000000000000e-01 1.000000000000000000e+00 1.359431288796647053e+01
0.000000000000000000e+00 1.000000000000000000e+00 1.128540419980927112e+01
5.000000000000000000e-01 1.000000000000000000e+00 9.019775798233014896e+00
1.000000000000000000e+00 1.000000000000000000e+00 7.138787691284613324e+00
1.500000000000000000e+00 1.000000000000000000e+00 5.710864560253308575e+00
2.000000000000000000e+00 1.000000000000000000e+00 4.576982356575161504e+00
2.500000000000000000e+00 1.000000000000000000e+00 3.700687960079080074e+00
3.000000000000000000e+00 1.000000000000000000e+00 3.164793105835467468e+00
3.500000000000000000e+00 1.000000000000000000e+00 2.543991611601453151e+00
4.000000000000000000e+00 1.000000000000000000e+00 2.298437295655016754e+00
4.000000000000000000e+00 5.000000000000000000e-01 3.176976324936743978e+00
3.500000000000000000e+00 5.000000000000000000e-01 3.488482076692239531e+00
3.000000000000000000e+00 5.000000000000000000e-01 4.383517716532240982e+00
2.500000000000000000e+00 5.000000000000000000e-01 5.364044088783057163e+00
2.000000000000000000e+00 5.000000000000000000e-01 6.722309149676367390e+00
1.500000000000000000e+00 5.000000000000000000e-01 8.381510330186326740e+00
1.000000000000000000e+00 5.000000000000000000e-01 1.039570534747290154e+01
5.000000000000000000e-01 5.000000000000000000e-01 1.231615894647744547e+01
0.000000000000000000e+00 5.000000000000000000e-01 1.408629739150872773e+01
-5.000000000000000000e-01 5.000000000000000000e-01 1.551744725891832921e+01
-1.000000000000000000e+00 5.000000000000000000e-01 1.645877953045226150e+01
-1.500000000000000000e+00 5.000000000000000000e-01 1.606526987105456072e+01
-2.000000000000000000e+00 5.000000000000000000e-01 1.454037865135147101e+01
-2.500000000000000000e+00 5.000000000000000000e-01 1.231029472094787991e+01
-3.000000000000000000e+00 5.000000000000000000e-01 8.822852765413548681e+00
-3.500000000000000000e+00 5.000000000000000000e-01 6.523127728880656839e+00
-4.000000000000000000e+00 5.000000000000000000e-01 4.967983588380592508e+00
-4.000000000000000000e+00 0.000000000000000000e+00 3.599274787235265283e+00
-3.500000000000000000e+00 0.000000000000000000e+00 4.457297077568517452e+00
-3.000000000000000000e+00 0.000000000000000000e+00 5.792767900511197610e+00
-2.500000000000000000e+00 0.000000000000000000e+00 8.319362635427715702e+00
-2.000000000000000000e+00 0.000000000000000000e+00 1.141468598887440677e+01
-1.500000000000000000e+00 0.000000000000000000e+00 1.438828936530372005e+01
-1.000000000000000000e+00 0.000000000000000000e+00 1.604065594096329406e+01
-5.000000000000000000e-01 0.000000000000000000e+00 1.663353480880899937e+01
0.000000000000000000e+00 0.000000000000000000e+00 1.614272708148742552e+01
5.000000000000000000e-01 0.000000000000000000e+00 1.496045630348950972e+01
1.000000000000000000e+00 0.000000000000000000e+00 1.360738817880197793e+01
1.500000000000000000e+00 0.000000000000000000e+00 1.174514184908452918e+01
2.000000000000000000e+00 0.000000000000000000e+00 9.752301753316011457e+00
2.500000000000000000e+00 0.000000000000000000e+00 7.798200876594457931e+00
3.000000000000000000e+00 0.000000000000000000e+00 6.184809240507730621e+00
3.500000000000000000e+00 0.000000000000000000e+00 5.167029226581065338e+00
4.000000000000000000e+00 0.000000000000000000e+00 4.395102279358763298e+00
4.000000000000000000e+00 -5.000000000000000000e-01 5.842649034607568126e+00
3.500000000000000000e+00 -5.000000000000000000e-01 7.206854727987377807e+00
3.000000000000000000e+00 -5.000000000000000000e-01 8.940698460460495767e+00
2.500000000000000000e+00 -5.000000000000000000e-01 1.079715483932522702e+01
2.000000000000000000e+00 -5.000000000000000000e-01 1.275992453485003431e+01
1.500000000000000000e+00 -5.000000000000000000e-01 1.417972813487497952e+01
1.000000000000000000e+00 -5.000000000000000000e-01 1.560163545716696198e+01
5.000000000000000000e-01 -5.000000000000000000e-01 1.645458874098213897e+01
0.000000000000000000e+00 -5.000000000000000000e-01 1.651367248482049632e+01
-5.000000000000000000e-01 -5.000000000000000000e-01 1.540812004753883357e+01
-1.000000000000000000e+00 -5.000000000000000000e-01 1.335383215503329168e+01
-1.500000000000000000e+00 -5.000000000000000000e-01 1.042718799010155806e+01
-2.000000000000000000e+00 -5.000000000000000000e-01 7.252992674575684084e+00
-2.500000000000000000e+00 -5.000000000000000000e-01 5.169576821357460439e+00
-3.000000000000000000e+00 -5.000000000000000000e-01 4.064583489877687583e+00
-3.500000000000000000e+00 -5.000000000000000000e-01 3.337432702069138113e+00
-4.000000000000000000e+00 -5.000000000000000000e-01 2.712282261544411988e+00
-4.000000000000000000e+00 -1.000000000000000000e+00 1.874348871871459155e+00
-3.500000000000000000e+00 -1.000000000000000000e+00 2.407911219721019069e+00
-3.000000000000000000e+00 -1.000000000000000000e+00 3.021090101492206248e+00
-2.500000000000000000e+00 -1.000000000000000000e+00 3.684488477517594784e+00
-2.000000000000000000e+00 -1.000000000000000000e+00 4.815403550394359300e+00
-1.500000000000000000e+00 -1.000000000000000000e+00 6.624035558481220498e+00
-1.000000000000000000e+00 -1.000000000000000000e+00 9.322693423545414859e+00
-5.000000000000000000e-01 -1.000000000000000000e+00 1.234933483700461920e+01
0.000000000000000000e+00 -1.000000000000000000e+00 1.485376423630570919e+01
5.000000000000000000e-01 -1.000000000000000000e+00 1.600723654648487937e+01
1.000000000000000000e+00 -1.000000000000000000e+00 1.633035464063137709e+01
1.500000000000000000e+00 -1.000000000000000000e+00 1.583989870576605874e+01
2.000000000000000000e+00 -1.000000000000000000e+00 1.469675386893387703e+01
2.500000000000000000e+00 -1.000000000000000000e+00 1.314812855904843580e+01
3.000000000000000000e+00 -1.000000000000000000e+00 1.123881444834410814e+01
3.500000000000000000e+00 -1.000000000000000000e+00 9.941241706587945259e+00
4.000000000000000000e+00 -1.000000000000000000e+00 8.452889061101776846e+00
4.000000000000000000e+00 -1.500000000000000000e+00 1.114822343898417145e+01
3.500000000000000000e+00 -1.500000000000000000e+00 1.223414180167197784e+01
3.000000000000000000e+00 -1.500000000000000000e+00 1.385835470234450284e+01
2.500000000000000000e+00 -1.500000000000000000e+00 1.520756611864550756e+01
2.000000000000000000e+00 -1.500000000000000000e+00 1.604761602747302263e+01
1.500000000000000000e+00 -1.500000000000000000e+00 1.617712033673035066e+01
1.000000000000000000e+00 -1.500000000000000000e+00 1.608247253047482772e+01
5.000000000000000000e-01 -1.500000000000000000e+00 1.420054627447294315e+01
0.000000000000000000e+00 -1.500000000000000000e+00 1.161829610550994296e+01
-5.000000000000000000e-01 -1.500000000000000000e+00 8.846612616071055868e+00
-1.000000000000000000e+00 -1.500000000000000000e+00 6.539256390402522712e+00
-1.500000000000000000e+00 -1.500000000000000000e+00 4.805751090023020033e+00
-2.000000000000000000e+00 -1.500000000000000000e+00 3.671118694351709788e+00
-2.500000000000000000e+00 -1.500000000000000000e+00 2.996838633583976730e+00
-3.000000000000000000e+00 -1.500000000000000000e+00 2.471584115695950601e+00
-3.500000000000000000e+00 -1.500000000000000000e+00 1.894280116070485187e+00
-4.000000000000000000e+00 -1.500000000000000000e+00 1.270135158705623768e+00
-4.000000000000000000e+00 -2.000000000000000000e+00 8.238119342340443074e-01
-3.500000000000000000e+00 -2.000000000000000000e+00 1.297568070705841903e+00
-3.000000000000000000e+00 -2.000000000000000000e+00 1.660210941059443224e+00
-2.500000000000000000e+00 -2.000000000000000000e+00 2.213636805299559196e+00
-2.000000000000000000e+00 -2.000000000000000000e+00 2.754123683505083964e+00
-1.500000000000000000e+00 -2.000000000000000000e+00 3.466069517569210223e+00
-1.000000000000000000e+00 -2.000000000000000000e+00 4.548794948794739668e+00
-5.000000000000000000e-01 -2.000000000000000000e+00 6.088650789001291308e+00
0.000000000000000000e+00 -2.000000000000000000e+00 8.365263846129115777e+00
5.000000000000000000e-01 -2.000000000000000000e+00 1.112391710900842412e+01
1.000000000000000000e+00 -2.000000000000000000e+00 1.379245468390126206e+01
1.500000000000000000e+00 -2.000000000000000000e+00 1.526468161725286166e+01
2.000000000000000000e+00 -2.000000000000000000e+00 1.589766091962133920e+01
2.500000000000000000e+00 -2.000000000000000000e+00 1.587587180669970444e+01
3.000000000000000000e+00 -2.000000000000000000e+00 1.459255205268145161e+01
3.500000000000000000e+00 -2.000000000000000000e+00 1.398435128854321263e+01
4.000000000000000000e+00 -2.000000000000000000e+00 1.312203777673635940e+01
4.000000000000000000e+00 -2.500000000000000000e+00 1.364796526008792199e+01
3.500000000000000000e+00 -2.500000000000000000e+00 1.494772822656980971e+01
3.000000000000000000e+00 -2.500000000000000000e+00 1.589854794317241549e+01
2.500000000000000000e+00 -2.500000000000000000e+00 1.567863063821916114e+01
2.000000000000000000e+00 -2.500000000000000000e+00 1.470710232209853530e+01
1.500000000000000000e+00 -2.500000000000000000e+00 1.320157239879460143e+01
1.000000000000000000e+00 -2.500000000000000000e+00 1.088653250758417634e+01
5.000000000000000000e-01 -2.500000000000000000e+00 8.091938662941583260e+00
0.000000000000000000e+00 -2.500000000000000000e+00 6.022466140242862309e+00
-5.000000000000000000e-01 -2.500000000000000000e+00 4.491244552593455452e+00
-1.000000000000000000e+00 -2.500000000000000000e+00 3.455675321499047659e+00
-1.500000000000000000e+00 -2.500000000000000000e+00 2.751788911112421854e+00
-2.000000000000000000e+00 -2.500000000000000000e+00 2.127524133071180934e+00
-2.500000000000000000e+00 -2.500000000000000000e+00 1.661220590620159587e+00
-3.000000000000000000e+00 -2.500000000000000000e+00 1.201845519149713937e+00
-3.500000000000000000e+00 -2.500000000000000000e+00 7.877670293911467336e-01
-4.000000000000000000e+00 -2.500000000000000000e+00 4.785647544483371818e-01
-4.000000000000000000e+00 -3.000000000000000000e+00 1.729412119465174591e-01
-3.500000000000000000e+00 -3.000000000000000000e+00 4.713435160042994676e-01
-3.000000000000000000e+00 -3.000000000000000000e+00 8.775924045816191343e-01
-2.500000000000000000e+00 -3.000000000000000000e+00 1.226690895318049535e+00
-2.000000000000000000e+00 -3.000000000000000000e+00 1.506229362476386946e+00
-1.500000000000000000e+00 -3.000000000000000000e+00 1.986672221666539562e+00
-1.000000000000000000e+00 -3.000000000000000000e+00 2.679204163837831665e+00
-5.000000000000000000e-01 -3.000000000000000000e+00 3.269480027901463970e+00
0.000000000000000000e+00 -3.000000000000000000e+00 4.379435595900575073e+00
5.000000000000000000e-01 -3.000000000000000000e+00 5.865109897982970999e+00
1.000000000000000000e+00 -3.000000000000000000e+00 7.465110975723283637e+00
1.500000000000000000e+00 -3.000000000000000000e+00 1.073383113454413085e+01
2.000000000000000000e+00 -3.000000000000000000e+00 1.235021062891274291e+01
2.500000000000000000e+00 -3.000000000000000000e+00 1.381882460712125216e+01
3.000000000000000000e+00 -3.000000000000000000e+00 1.417104763888630536e+01
3.500000000000000000e+00 -3.000000000000000000e+00 1.425231009952644179e+01
4.000000000000000000e+00 -3.000000000000000000e+00 1.360483861422840590e+01
4.000000000000000000e+00 -3.500000000000000000e+00 1.246969504849200661e+01
3.500000000000000000e+00 -3.500000000000000000e+00 1.303119402138915639e+01
3.000000000000000000e+00 -3.500000000000000000e+00 1.275108827435931502e+01
2.500000000000000000e+00 -3.500000000000000000e+00 1.219486237818287933e+01
2.000000000000000000e+00 -3.500000000000000000e+00 9.944993978989053574e+00
1.500000000000000000e+00 -3.500000000000000000e+00 7.354085651701244508e+00
1.000000000000000000e+00 -3.500000000000000000e+00 5.902319653191601567e+00
5.000000000000000000e-01 -3.500000000000000000e+00 4.352353826899866718e+00
0.000000000000000000e+00 -3.500000000000000000e+00 3.564313236672263407e+00
-5.000000000000000000e-01 -3.500000000000000000e+00 2.819752611781035423e+00
-1.000000000000000000e+00 -3.500000000000000000e+00 2.090197865275182476e+00
-1.500000000000000000e+00 -3.500000000000000000e+00 1.527175394381502294e+00
-2.000000000000000000e+00 -3.500000000000000000e+00 1.116766486517286383e+00
-2.500000000000000000e+00 -3.500000000000000000e+00 9.454059897566603476e-01
-3.000000000000000000e+00 -3.500000000000000000e+00 5.373207646479368771e-01
-3.500000000000000000e+00 -3.500000000000000000e+00 1.894126382681445564e-01
-4.000000000000000000e+00 -3.500000000000000000e+00 3.694616984804963838e-02
-4.000000000000000000e+00 -4.000000000000000000e+00 5.416150443484249975e-03
-3.500000000000000000e+00 -4.000000000000000000e+00 7.536936688138909379e-02
-3.000000000000000000e+00 -4.000000000000000000e+00 3.202585537971165408e-01
-2.500000000000000000e+00 -4.000000000000000000e+00 7.863681087547698123e-01
-2.000000000000000000e+00 -4.000000000000000000e+00 1.020506311408014621e+00
-1.500000000000000000e+00 -4.000000000000000000e+00 1.165356080555295160e+00
-1.000000000000000000e+00 -4.000000000000000000e+00 1.760523451728922106e+00
-5.000000000000000000e-01 -4.000000000000000000e+00 2.522170323435046324e+00
0.000000000000000000e+00 -4.000000000000000000e+00 3.069202116869357511e+00
5.000000000000000000e-01 -4.000000000000000000e+00 3.351136410984131953e+00
1.000000000000000000e+00 -4.000000000000000000e+00 4.082242482824462115e+00
1.500000000000000000e+00 -4.000000000000000000e+00 6.073740381718036652e+00
2.000000000000000000e+00 -4.000000000000000000e+00 6.871987000615683350e+00
2.500000000000000000e+00 -4.000000000000000000e+00 8.201985193949360209e+00
3.000000000000000000e+00 -4.000000000000000000e+00 9.634811478768797954e+00
3.500000000000000000e+00 -4.000000000000000000e+00 1.056754200286426304e+01
4.000000000000000000e+00 -4.000000000000000000e+00 1.118750715761069259e+01
