-4.000000000000000000e+00 -4.000000000000000000e+00 6.802428379362727955e+25
-4.000000000000000000e+00 -3.500000000000000000e+00 8.557393606904925388e+25
-4.000000000000000000e+00 -3.000000000000000000e+00 9.221401072003630996e+25
-4.000000000000000000e+00 -2.500000000000000000e+00 1.133566125180935649e+26
-4.000000000000000000e+00 -2.000000000000000000e+00 1.547155226778055095e+26
-4.000000000000000000e+00 -1.500000000000000000e+00 1.898134529760679136e+26
-4.000000000000000000e+00 -1.000000000000000000e+00 2.238758508877370255e+26
-4.000000000000000000e+00 -5.000000000000000000e-01 2.497416684075372500e+26
-4.000000000000000000e+00 -0.000000000000000000e+00 2.838365022969513664e+26
-4.000000000000000000e+00 5.000000000000000000e-01 3.356723343185469935e+26
-4.000000000000000000e+00 1.000000000000000000e+00 3.788648226509263689e+26
-4.000000000000000000e+00 1.500000000000000000e+00 4.097766250165375623e+26
-4.000000000000000000e+00 2.000000000000000000e+00 4.360982675483368039e+26
-4.000000000000000000e+00 2.500000000000000000e+00 4.429628995250312532e+26
-4.000000000000000000e+00 3.000000000000000000e+00 4.206850151244694251e+26
-4.000000000000000000e+00 3.500000000000000000e+00 3.970556070455435609e+26
-4.000000000000000000e+00 4.000000000000000000e+00 3.719467709637730756e+26
-3.500000000000000000e+00 -4.000000000000000000e+00 7.640270598002195524e+25
-3.500000000000000000e+00 -3.500000000000000000e+00 1.031064748260528730e+26
-3.500000000000000000e+00 -3.000000000000000000e+00 1.121458116874320006e+26
-3.500000000000000000e+00 -2.500000000000000000e+00 1.532176542677861061e+26
-3.500000000000000000e+00 -2.000000000000000000e+00 1.854311563189722868e+26
-3.500000000000000000e+00 -1.500000000000000000e+00 2.149165572980024903e+26
-3.500000000000000000e+00 -1.000000000000000000e+00 2.575830752203126553e+26
-3.500000000000000000e+00 -5.000000000000000000e-01 2.777269451742206348e+26
-3.500000000000000000e+00 -0.000000000000000000e+00 3.155499639967623598e+26
-3.500000000000000000e+00 5.000000000000000000e-01 3.740959388444999282e+26
-3.500000000000000000e+00 1.000000000000000000e+00 3.995240458839706266e+26
-3.500000000000000000e+00 1.500000000000000000e+00 4.286134769568763029e+26
-3.500000000000000000e+00 2.000000000000000000e+00 4.373810550688572888e+26
-3.500000000000000000e+00 2.500000000000000000e+00 4.311476791343428581e+26
-3.500000000000000000e+00 3.000000000000000000e+00 4.041987597793282688e+26
-3.500000000000000000e+00 3.500000000000000000e+00 3.698433837895957187e+26
-3.500000000000000000e+00 4.000000000000000000e+00 3.548967648015142410e+26
-3.000000000000000000e+00 -4.000000000000000000e+00 9.896320532924961108e+25
-3.000000000000000000e+00 -3.500000000000000000e+00 1.298489629657198463e+26
-3.000000000000000000e+00 -3.000000000000000000e+00 1.404547153637286969e+26
-3.000000000000000000e+00 -2.500000000000000000e+00 1.854668553201005941e+26
-3.000000000000000000e+00 -2.000000000000000000e+00 2.284508382899428884e+26
-3.000000000000000000e+00 -1.500000000000000000e+00 2.316120258482256677e+26
-3.000000000000000000e+00 -1.000000000000000000e+00 2.860392816322481447e+26
-3.000000000000000000e+00 -5.000000000000000000e-01 3.097944364923918145e+26
-3.000000000000000000e+00 -0.000000000000000000e+00 3.489782228747174439e+26
-3.000000000000000000e+00 5.000000000000000000e-01 4.028921193730109804e+26
-3.000000000000000000e+00 1.000000000000000000e+00 4.223292762730347004e+26
-3.000000000000000000e+00 1.500000000000000000e+00 4.318926398152968545e+26
-3.000000000000000000e+00 2.000000000000000000e+00 4.301006083596251840e+26
-3.000000000000000000e+00 2.500000000000000000e+00 4.028134763210594995e+26
-3.000000000000000000e+00 3.000000000000000000e+00 3.874228726713762587e+26
-3.000000000000000000e+00 3.500000000000000000e+00 3.484278507605308057e+26
-3.000000000000000000e+00 4.000000000000000000e+00 3.361319441677107871e+26
-2.500000000000000000e+00 -4.000000000000000000e+00 1.161931269455906249e+26
-2.500000000000000000e+00 -3.500000000000000000e+00 1.620506807083428342e+26
-2.500000000000000000e+00 -3.000000000000000000e+00 1.808395973823936893e+26
-2.500000000000000000e+00 -2.500000000000000000e+00 2.138236560435053275e+26
-2.500000000000000000e+00 -2.000000000000000000e+00 2.543803602410324325e+26
-2.500000000000000000e+00 -1.500000000000000000e+00 2.678064562846760845e+26
-2.500000000000000000e+00 -1.000000000000000000e+00 3.194758708129917715e+26
-2.500000000000000000e+00 -5.000000000000000000e-01 3.516363245376979308e+26
-2.500000000000000000e+00 -0.000000000000000000e+00 3.666815444674307178e+26
-2.500000000000000000e+00 5.000000000000000000e-01 4.142728819872485616e+26
-2.500000000000000000e+00 1.000000000000000000e+00 4.330821277455392581e+26
-2.500000000000000000e+00 1.500000000000000000e+00 4.300389867267258259e+26
-2.500000000000000000e+00 2.000000000000000000e+00 4.210898070396877963e+26
-2.500000000000000000e+00 2.500000000000000000e+00 3.846607467140431523e+26
-2.500000000000000000e+00 3.000000000000000000e+00 3.554942077952092855e+26
-2.500000000000000000e+00 3.500000000000000000e+00 3.270662840730938419e+26
-2.500000000000000000e+00 4.000000000000000000e+00 3.220489487459195197e+26
-2.000000000000000000e+00 -4.000000000000000000e+00 1.581067299418693577e+26
-2.000000000000000000e+00 -3.500000000000000000e+00 2.107219737945190539e+26
-2.000000000000000000e+00 -3.000000000000000000e+00 2.312018317773245339e+26
-2.000000000000000000e+00 -2.500000000000000000e+00 2.459924255486070190e+26
-2.000000000000000000e+00 -2.000000000000000000e+00 2.869213385353776601e+26
-2.000000000000000000e+00 -1.500000000000000000e+00 3.069729669911162166e+26
-2.000000000000000000e+00 -1.000000000000000000e+00 3.469928044239617710e+26
-2.000000000000000000e+00 -5.000000000000000000e-01 3.798795214372596750e+26
-2.000000000000000000e+00 -0.000000000000000000e+00 3.976489684163811401e+26
-2.000000000000000000e+00 5.000000000000000000e-01 4.360466154063113479e+26
-2.000000000000000000e+00 1.000000000000000000e+00 4.364647833771318411e+26
-2.000000000000000000e+00 1.500000000000000000e+00 4.210922196442027375e+26
-2.000000000000000000e+00 2.000000000000000000e+00 3.936161363566755386e+26
-2.000000000000000000e+00 2.500000000000000000e+00 3.583290710409684317e+26
-2.000000000000000000e+00 3.000000000000000000e+00 3.338964458136704235e+26
-2.000000000000000000e+00 3.500000000000000000e+00 3.254721244465688942e+26
-2.000000000000000000e+00 4.000000000000000000e+00 3.148230965112750847e+26
-1.500000000000000000e+00 -4.000000000000000000e+00 2.241688408641175088e+26
-1.500000000000000000e+00 -3.500000000000000000e+00 2.382873552555057774e+26
-1.500000000000000000e+00 -3.000000000000000000e+00 2.612578813928186851e+26
-1.500000000000000000e+00 -2.500000000000000000e+00 2.695080837047119151e+26
-1.500000000000000000e+00 -2.000000000000000000e+00 3.197506239327409931e+26
-1.500000000000000000e+00 -1.500000000000000000e+00 3.316965748078194833e+26
-1.500000000000000000e+00 -1.000000000000000000e+00 3.769813635997756175e+26
-1.500000000000000000e+00 -5.000000000000000000e-01 3.950799982011475190e+26
-1.500000000000000000e+00 -0.000000000000000000e+00 4.167074525323951480e+26
-1.500000000000000000e+00 5.000000000000000000e-01 4.364379462968809394e+26
-1.500000000000000000e+00 1.000000000000000000e+00 4.335771592263505616e+26
-1.500000000000000000e+00 1.500000000000000000e+00 4.068453999248308451e+26
-1.500000000000000000e+00 2.000000000000000000e+00 3.731517986136293749e+26
-1.500000000000000000e+00 2.500000000000000000e+00 3.413552483036915483e+26
-1.500000000000000000e+00 3.000000000000000000e+00 3.244244740689031105e+26
-1.500000000000000000e+00 3.500000000000000000e+00 3.191565156599907493e+26
-1.500000000000000000e+00 4.000000000000000000e+00 3.152306697692342452e+26
-1.000000000000000000e+00 -4.000000000000000000e+00 2.516842998562241322e+26
-1.000000000000000000e+00 -3.500000000000000000e+00 2.623491690694668836e+26
-1.000000000000000000e+00 -3.000000000000000000e+00 2.883426441407859458e+26
-1.000000000000000000e+00 -2.500000000000000000e+00 3.007465873045547384e+26
-1.000000000000000000e+00 -2.000000000000000000e+00 3.465173896921195334e+26
-1.000000000000000000e+00 -1.500000000000000000e+00 3.610923682448504992e+26
-1.000000000000000000e+00 -1.000000000000000000e+00 3.941923388635700227e+26
-1.000000000000000000e+00 -5.000000000000000000e-01 4.143297053255788386e+26
-1.000000000000000000e+00 -0.000000000000000000e+00 4.288476405804725643e+26
-1.000000000000000000e+00 5.000000000000000000e-01 4.308781055457088998e+26
-1.000000000000000000e+00 1.000000000000000000e+00 4.168498242084366195e+26
-1.000000000000000000e+00 1.500000000000000000e+00 3.885486448701935242e+26
-1.000000000000000000e+00 2.000000000000000000e+00 3.575162618622902078e+26
-1.000000000000000000e+00 2.500000000000000000e+00 3.283749884822999357e+26
-1.000000000000000000e+00 3.000000000000000000e+00 3.280535729293407312e+26
-1.000000000000000000e+00 3.500000000000000000e+00 3.183148818882050603e+26
-1.000000000000000000e+00 4.000000000000000000e+00 3.131083349439995543e+26
-5.000000000000000000e-01 -4.000000000000000000e+00 2.718061469478708761e+26
-5.000000000000000000e-01 -3.500000000000000000e+00 2.859041961081139023e+26
-5.000000000000000000e-01 -3.000000000000000000e+00 3.238792889444434920e+26
-5.000000000000000000e-01 -2.500000000000000000e+00 3.397297916599976026e+26
-5.000000000000000000e-01 -2.000000000000000000e+00 3.725624406949342624e+26
-5.000000000000000000e-01 -1.500000000000000000e+00 3.960235487988543033e+26
-5.000000000000000000e-01 -1.000000000000000000e+00 4.131602165505831401e+26
-5.000000000000000000e-01 -5.000000000000000000e-01 4.333667708208629497e+26
-5.000000000000000000e-01 -0.000000000000000000e+00 4.289085950844444479e+26
-5.000000000000000000e-01 5.000000000000000000e-01 4.216231065576704857e+26
-5.000000000000000000e-01 1.000000000000000000e+00 3.973936237746911118e+26
-5.000000000000000000e-01 1.500000000000000000e+00 3.665223653549335127e+26
-5.000000000000000000e-01 2.000000000000000000e+00 3.425489810262371388e+26
-5.000000000000000000e-01 2.500000000000000000e+00 3.300988357505869911e+26
-5.000000000000000000e-01 3.000000000000000000e+00 3.276390454697439929e+26
-5.000000000000000000e-01 3.500000000000000000e+00 3.188318683638155505e+26
-5.000000000000000000e-01 4.000000000000000000e+00 3.124968842196581241e+26
0.000000000000000000e+00 -4.000000000000000000e+00 3.055674879862885575e+26
-0.000000000000000000e+00 -3.500000000000000000e+00 3.232167016822836984e+26
0.000000000000000000e+00 -3.000000000000000000e+00 3.439316820182809301e+26
-0.000000000000000000e+00 -2.500000000000000000e+00 3.667615543306413949e+26
0.000000000000000000e+00 -2.000000000000000000e+00 3.939392594564429846e+26
-0.000000000000000000e+00 -1.500000000000000000e+00 4.196644290394661132e+26
0.000000000000000000e+00 -1.000000000000000000e+00 4.223670152490497244e+26
-0.000000000000000000e+00 -5.000000000000000000e-01 4.354985566712781546e+26
0.000000000000000000e+00 -0.000000000000000000e+00 4.181811680157652223e+26
-0.000000000000000000e+00 5.000000000000000000e-01 4.016960145013258932e+26
0.000000000000000000e+00 1.000000000000000000e+00 3.729896369967322406e+26
-0.000000000000000000e+00 1.500000000000000000e+00 3.484702235718263263e+26
0.000000000000000000e+00 2.000000000000000000e+00 3.363250726960802042e+26
-0.000000000000000000e+00 2.500000000000000000e+00 3.264802777598003968e+26
0.000000000000000000e+00 3.000000000000000000e+00 3.183428740935808825e+26
-0.000000000000000000e+00 3.500000000000000000e+00 3.143244274682695063e+26
0.000000000000000000e+00 4.000000000000000000e+00 3.160833670762138559e+26
5.000000000000000000e-01 -4.000000000000000000e+00 3.320681986138308187e+26
5.000000000000000000e-01 -3.500000000000000000e+00 3.479776834033719234e+26
5.000000000000000000e-01 -3.000000000000000000e+00 3.715690116315114255e+26
5.000000000000000000e-01 -2.500000000000000000e+00 3.940009127417554974e+26
5.000000000000000000e-01 -2.000000000000000000e+00 4.143413588686266585e+26
5.000000000000000000e-01 -1.500000000000000000e+00 4.277785774435304219e+26
5.000000000000000000e-01 -1.000000000000000000e+00 4.322367794612750583e+26
5.000000000000000000e-01 -5.000000000000000000e-01 4.171030513805066397e+26
5.000000000000000000e-01 -0.000000000000000000e+00 4.068853923274011639e+26
5.000000000000000000e-01 5.000000000000000000e-01 3.803807551194645836e+26
5.000000000000000000e-01 1.000000000000000000e+00 3.608631767482304146e+26
5.000000000000000000e-01 1.500000000000000000e+00 3.405931312700906283e+26
5.000000000000000000e-01 2.000000000000000000e+00 3.318308409963475260e+26
5.000000000000000000e-01 2.500000000000000000e+00 3.257247376420095300e+26
5.000000000000000000e-01 3.000000000000000000e+00 3.172975729708902350e+26
5.000000000000000000e-01 3.500000000000000000e+00 3.246161946058629117e+26
5.000000000000000000e-01 4.000000000000000000e+00 3.265280163991554286e+26
1.000000000000000000e+00 -4.000000000000000000e+00 3.541271969404545653e+26
1.000000000000000000e+00 -3.500000000000000000e+00 3.714040757110797089e+26
1.000000000000000000e+00 -3.000000000000000000e+00 3.990592698305880611e+26
1.000000000000000000e+00 -2.500000000000000000e+00 4.082425830155439709e+26
1.000000000000000000e+00 -2.000000000000000000e+00 4.168281192465471152e+26
1.000000000000000000e+00 -1.500000000000000000e+00 4.178387678202802195e+26
1.000000000000000000e+00 -1.000000000000000000e+00 4.222794851132145427e+26
1.000000000000000000e+00 -5.000000000000000000e-01 4.016818953560375476e+26
1.000000000000000000e+00 -0.000000000000000000e+00 3.899972204096942266e+26
1.000000000000000000e+00 5.000000000000000000e-01 3.623570781995091245e+26
1.000000000000000000e+00 1.000000000000000000e+00 3.499943736905652438e+26
1.000000000000000000e+00 1.500000000000000000e+00 3.396077637733657143e+26
1.000000000000000000e+00 2.000000000000000000e+00 3.328135869451136095e+26
1.000000000000000000e+00 2.500000000000000000e+00 3.325307382021545747e+26
1.000000000000000000e+00 3.000000000000000000e+00 3.267119401683042937e+26
1.000000000000000000e+00 3.500000000000000000e+00 3.350881565258429984e+26
1.000000000000000000e+00 4.000000000000000000e+00 3.289775960677752771e+26
1.500000000000000000e+00 -4.000000000000000000e+00 3.594768688088929995e+26
1.500000000000000000e+00 -3.500000000000000000e+00 3.861870081254008662e+26
1.500000000000000000e+00 -3.000000000000000000e+00 4.053151693341938013e+26
1.500000000000000000e+00 -2.500000000000000000e+00 4.153852463357009031e+26
1.500000000000000000e+00 -2.000000000000000000e+00 4.222878392003948350e+26
1.500000000000000000e+00 -1.500000000000000000e+00 4.137201501693716447e+26
1.500000000000000000e+00 -1.000000000000000000e+00 4.035861268364204149e+26
1.500000000000000000e+00 -5.000000000000000000e-01 3.767318031919599674e+26
1.500000000000000000e+00 -0.000000000000000000e+00 3.762618738789081305e+26
1.500000000000000000e+00 5.000000000000000000e-01 3.598966751311122505e+26
1.500000000000000000e+00 1.000000000000000000e+00 3.467687542762038042e+26
1.500000000000000000e+00 1.500000000000000000e+00 3.365367255509492372e+26
1.500000000000000000e+00 2.000000000000000000e+00 3.292548999641964685e+26
1.500000000000000000e+00 2.500000000000000000e+00 3.409838666135867248e+26
1.500000000000000000e+00 3.000000000000000000e+00 3.441791975595124900e+26
1.500000000000000000e+00 3.500000000000000000e+00 3.493434225228062010e+26
1.500000000000000000e+00 4.000000000000000000e+00 3.230875999680510735e+26
2.000000000000000000e+00 -4.000000000000000000e+00 3.840476679230773498e+26
2.000000000000000000e+00 -3.500000000000000000e+00 3.910819062279192310e+26
2.000000000000000000e+00 -3.000000000000000000e+00 3.997610973431876646e+26
2.000000000000000000e+00 -2.500000000000000000e+00 4.125797953790934052e+26
2.000000000000000000e+00 -2.000000000000000000e+00 4.098899069446229836e+26
2.000000000000000000e+00 -1.500000000000000000e+00 3.921750937005403409e+26
2.000000000000000000e+00 -1.000000000000000000e+00 4.001355507913286993e+26
2.000000000000000000e+00 -5.000000000000000000e-01 3.621570626344095431e+26
2.000000000000000000e+00 -0.000000000000000000e+00 3.670345129535702877e+26
2.000000000000000000e+00 5.000000000000000000e-01 3.477070630998052592e+26
2.000000000000000000e+00 1.000000000000000000e+00 3.410461439918397528e+26
2.000000000000000000e+00 1.500000000000000000e+00 3.395985509354130398e+26
2.000000000000000000e+00 2.000000000000000000e+00 3.284785411947798390e+26
2.000000000000000000e+00 2.500000000000000000e+00 3.416680527753987997e+26
2.000000000000000000e+00 3.000000000000000000e+00 3.458947465812246475e+26
2.000000000000000000e+00 3.500000000000000000e+00 3.212868095642005724e+26
2.000000000000000000e+00 4.000000000000000000e+00 3.179739414917926627e+26
2.500000000000000000e+00 -4.000000000000000000e+00 3.874687153973038113e+26
2.500000000000000000e+00 -3.500000000000000000e+00 3.890692175745739752e+26
2.500000000000000000e+00 -3.000000000000000000e+00 4.002542549081081689e+26
2.500000000000000000e+00 -2.500000000000000000e+00 4.046324001345906461e+26
2.500000000000000000e+00 -2.000000000000000000e+00 4.005985961974736485e+26
2.500000000000000000e+00 -1.500000000000000000e+00 3.686889727368369043e+26
2.500000000000000000e+00 -1.000000000000000000e+00 3.852182770816719177e+26
2.500000000000000000e+00 -5.000000000000000000e-01 3.609858583244284335e+26
2.500000000000000000e+00 -0.000000000000000000e+00 3.541703153506725458e+26
2.500000000000000000e+00 5.000000000000000000e-01 3.446388512350788562e+26
2.500000000000000000e+00 1.000000000000000000e+00 3.420483045114993822e+26
2.500000000000000000e+00 1.500000000000000000e+00 3.571151976838605484e+26
2.500000000000000000e+00 2.000000000000000000e+00 3.468029417612800097e+26
2.500000000000000000e+00 2.500000000000000000e+00 3.410092300320826297e+26
2.500000000000000000e+00 3.000000000000000000e+00 3.329179891260091825e+26
2.500000000000000000e+00 3.500000000000000000e+00 3.179471547301577994e+26
2.500000000000000000e+00 4.000000000000000000e+00 2.997393706963475977e+26
3.000000000000000000e+00 -4.000000000000000000e+00 3.934351565502621413e+26
3.000000000000000000e+00 -3.500000000000000000e+00 3.789000779678309037e+26
3.000000000000000000e+00 -3.000000000000000000e+00 4.011957901806710964e+26
3.000000000000000000e+00 -2.500000000000000000e+00 3.651182689203083161e+26
3.000000000000000000e+00 -2.000000000000000000e+00 3.852157292179444185e+26
3.000000000000000000e+00 -1.500000000000000000e+00 3.719604820664032682e+26
3.000000000000000000e+00 -1.000000000000000000e+00 3.728978051031843028e+26
3.000000000000000000e+00 -5.000000000000000000e-01 3.512507808666299232e+26
3.000000000000000000e+00 -0.000000000000000000e+00 3.496892550397988661e+26
3.000000000000000000e+00 5.000000000000000000e-01 3.496946214484873782e+26
3.000000000000000000e+00 1.000000000000000000e+00 3.441771899650534424e+26
3.000000000000000000e+00 1.500000000000000000e+00 3.725059734410049513e+26
3.000000000000000000e+00 2.000000000000000000e+00 3.668135096412594908e+26
3.000000000000000000e+00 2.500000000000000000e+00 3.413967898465677463e+26
3.000000000000000000e+00 3.000000000000000000e+00 3.238086719042033993e+26
3.000000000000000000e+00 3.500000000000000000e+00 3.026378169318224447e+26
3.000000000000000000e+00 4.000000000000000000e+00 2.806908007526929274e+26
3.500000000000000000e+00 -4.000000000000000000e+00 3.823322159712539892e+26
3.500000000000000000e+00 -3.500000000000000000e+00 3.829835149955216469e+26
3.500000000000000000e+00 -3.000000000000000000e+00 3.890622602264241150e+26
3.500000000000000000e+00 -2.500000000000000000e+00 3.635966549621488704e+26
3.500000000000000000e+00 -2.000000000000000000e+00 3.669090451743456070e+26
3.500000000000000000e+00 -1.500000000000000000e+00 3.631597123578231309e+26
3.500000000000000000e+00 -1.000000000000000000e+00 3.556243181696834426e+26
3.500000000000000000e+00 -5.000000000000000000e-01 3.541372529554650666e+26
3.500000000000000000e+00 -0.000000000000000000e+00 3.553078186186993973e+26
3.500000000000000000e+00 5.000000000000000000e-01 3.854550408109411591e+26
3.500000000000000000e+00 1.000000000000000000e+00 3.768708144857415370e+26
3.500000000000000000e+00 1.500000000000000000e+00 3.736928026947778424e+26
3.500000000000000000e+00 2.000000000000000000e+00 3.513994166615306295e+26
3.500000000000000000e+00 2.500000000000000000e+00 3.255033040466852096e+26
3.500000000000000000e+00 3.000000000000000000e+00 3.119335554345364148e+26
3.500000000000000000e+00 3.500000000000000000e+00 2.888089159338155559e+26
3.500000000000000000e+00 4.000000000000000000e+00 2.765358585986475705e+26
4.000000000000000000e+00 -4.000000000000000000e+00 3.657749336083935305e+26
4.000000000000000000e+00 -3.500000000000000000e+00 3.715859974682354579e+26
4.000000000000000000e+00 -3.000000000000000000e+00 3.714851167237463523e+26
4.000000000000000000e+00 -2.500000000000000000e+00 3.572152818052666386e+26
4.000000000000000000e+00 -2.000000000000000000e+00 3.508795525119597819e+26
4.000000000000000000e+00 -1.500000000000000000e+00 3.542715324625003271e+26
4.000000000000000000e+00 -1.000000000000000000e+00 3.542574167881023906e+26
4.000000000000000000e+00 -5.000000000000000000e-01 3.803077152039562739e+26
4.000000000000000000e+00 -0.000000000000000000e+00 3.881297941851165163e+26
4.000000000000000000e+00 5.000000000000000000e-01 4.016525632751720035e+26
4.000000000000000000e+00 1.000000000000000000e+00 3.871308106044038565e+26
4.000000000000000000e+00 1.500000000000000000e+00 3.611304053696253197e+26
4.000000000000000000e+00 2.000000000000000000e+00 3.405383605776752871e+26
4.000000000000000000e+00 2.500000000000000000e+00 3.220866248997926020e+26
4.000000000000000000e+00 3.000000000000000000e+00 3.116053343893882544e+26
4.000000000000000000e+00 3.500000000000000000e+00 2.857960832050336481e+26
4.000000000000000000e+00 4.000000000000000000e+00 2.788714884587611749e+26
