-4.000000000000000000e+00 -4.000000000000000000e+00 1.412199999999999900e+00
-4.000000000000000000e+00 -3.500000000000000000e+00 1.477121268805843490e+00
-4.000000000000000000e+00 -3.000000000000000000e+00 1.526000000000000023e+00
-4.000000000000000000e+00 -2.500000000000000000e+00 1.533293338207814438e+00
-4.000000000000000000e+00 -2.000000000000000000e+00 1.630100000000000104e+00
-4.000000000000000000e+00 -1.500000000000000000e+00 1.955373241838152643e+00
-4.000000000000000000e+00 -1.000000000000000000e+00 2.328199999999999825e+00
-4.000000000000000000e+00 -5.000000000000000000e-01 2.575574758589855406e+00
-4.000000000000000000e+00 0.000000000000000000e+00 2.801299999999999901e+00
-4.000000000000000000e+00 5.000000000000000000e-01 3.121854186578953527e+00
-4.000000000000000000e+00 1.000000000000000000e+00 3.502299999999999969e+00
-4.000000000000000000e+00 1.500000000000000000e+00 3.860264054835453873e+00
-4.000000000000000000e+00 2.000000000000000000e+00 4.241200000000000081e+00
-4.000000000000000000e+00 2.500000000000000000e+00 4.720709089242606460e+00
-4.000000000000000000e+00 3.000000000000000000e+00 5.200999999999999623e+00
-4.000000000000000000e+00 3.500000000000000000e+00 5.572269532622573074e+00
-4.000000000000000000e+00 4.000000000000000000e+00 5.868699999999999584e+00
-3.500000000000000000e+00 -4.000000000000000000e+00 1.576337198465063816e+00
-3.500000000000000000e+00 -3.500000000000000000e+00 1.698705954621506642e+00
-3.500000000000000000e+00 -3.000000000000000000e+00 1.807036404322975631e+00
-3.500000000000000000e+00 -2.500000000000000000e+00 1.897412497204792547e+00
-3.500000000000000000e+00 -2.000000000000000000e+00 2.018126100307911397e+00
-3.500000000000000000e+00 -1.500000000000000000e+00 2.300830195540131573e+00
-3.500000000000000000e+00 -1.000000000000000000e+00 2.577217260652821196e+00
-3.500000000000000000e+00 -5.000000000000000000e-01 2.880864150637024057e+00
-3.500000000000000000e+00 0.000000000000000000e+00 3.144210185998232987e+00
-3.500000000000000000e+00 5.000000000000000000e-01 3.488895145262966402e+00
-3.500000000000000000e+00 1.000000000000000000e+00 3.868989779559006248e+00
-3.500000000000000000e+00 1.500000000000000000e+00 4.362031389375880863e+00
-3.500000000000000000e+00 2.000000000000000000e+00 4.820087674275932876e+00
-3.500000000000000000e+00 2.500000000000000000e+00 5.316382806618549672e+00
-3.500000000000000000e+00 3.000000000000000000e+00 5.735250250069266365e+00
-3.500000000000000000e+00 3.500000000000000000e+00 6.222750390464493186e+00
-3.500000000000000000e+00 4.000000000000000000e+00 6.633240993514074368e+00
-3.000000000000000000e+00 -4.000000000000000000e+00 1.746699999999999919e+00
-3.000000000000000000e+00 -3.500000000000000000e+00 1.924141959059147977e+00
-3.000000000000000000e+00 -3.000000000000000000e+00 2.079099999999999948e+00
-3.000000000000000000e+00 -2.500000000000000000e+00 2.204999160212139042e+00
-3.000000000000000000e+00 -2.000000000000000000e+00 2.359700000000000131e+00
-3.000000000000000000e+00 -1.500000000000000000e+00 2.583917181745390756e+00
-3.000000000000000000e+00 -1.000000000000000000e+00 2.859799999999999898e+00
-3.000000000000000000e+00 -5.000000000000000000e-01 3.171526315690546216e+00
-3.000000000000000000e+00 0.000000000000000000e+00 3.495499999999999829e+00
-3.000000000000000000e+00 5.000000000000000000e-01 3.829796070721899870e+00
-3.000000000000000000e+00 1.000000000000000000e+00 4.248300000000000409e+00
-3.000000000000000000e+00 1.500000000000000000e+00 4.799995842804218427e+00
-3.000000000000000000e+00 2.000000000000000000e+00 5.377100000000000435e+00
-3.000000000000000000e+00 2.500000000000000000e+00 5.863076546050056237e+00
-3.000000000000000000e+00 3.000000000000000000e+00 6.320999999999999730e+00
-3.000000000000000000e+00 3.500000000000000000e+00 6.839466947672679709e+00
-3.000000000000000000e+00 4.000000000000000000e+00 7.371699999999999697e+00
-2.500000000000000000e+00 -4.000000000000000000e+00 1.903028863681402338e+00
-2.500000000000000000e+00 -3.500000000000000000e+00 2.140324139694159467e+00
-2.500000000000000000e+00 -3.000000000000000000e+00 2.328423371135418751e+00
-2.500000000000000000e+00 -2.500000000000000000e+00 2.476359197938903911e+00
-2.500000000000000000e+00 -2.000000000000000000e+00 2.633105881403363213e+00
-2.500000000000000000e+00 -1.500000000000000000e+00 2.908476920250290032e+00
-2.500000000000000000e+00 -1.000000000000000000e+00 3.203968639996704226e+00
-2.500000000000000000e+00 -5.000000000000000000e-01 3.543887529743478204e+00
-2.500000000000000000e+00 0.000000000000000000e+00 3.877283040467326636e+00
-2.500000000000000000e+00 5.000000000000000000e-01 4.238528702948515914e+00
-2.500000000000000000e+00 1.000000000000000000e+00 4.688684178666447266e+00
-2.500000000000000000e+00 1.500000000000000000e+00 5.292276505915781470e+00
-2.500000000000000000e+00 2.000000000000000000e+00 5.913370475027343254e+00
-2.500000000000000000e+00 2.500000000000000000e+00 6.520279062290311956e+00
-2.500000000000000000e+00 3.000000000000000000e+00 7.023560448318399096e+00
-2.500000000000000000e+00 3.500000000000000000e+00 7.579296124847449967e+00
-2.500000000000000000e+00 4.000000000000000000e+00 8.088593419242808835e+00
-2.000000000000000000e+00 -4.000000000000000000e+00 2.057799999999999851e+00
-2.000000000000000000e+00 -3.500000000000000000e+00 2.334560980216902060e+00
-2.000000000000000000e+00 -3.000000000000000000e+00 2.560099999999999820e+00
-2.000000000000000000e+00 -2.500000000000000000e+00 2.710856758634239583e+00
-2.000000000000000000e+00 -2.000000000000000000e+00 2.893200000000000216e+00
-2.000000000000000000e+00 -1.500000000000000000e+00 3.207559796145992514e+00
-2.000000000000000000e+00 -1.000000000000000000e+00 3.581399999999999917e+00
-2.000000000000000000e+00 -5.000000000000000000e-01 3.937773766543401166e+00
-2.000000000000000000e+00 0.000000000000000000e+00 4.291800000000000281e+00
-2.000000000000000000e+00 5.000000000000000000e-01 4.675962958004796555e+00
-2.000000000000000000e+00 1.000000000000000000e+00 5.163400000000000212e+00
-2.000000000000000000e+00 1.500000000000000000e+00 5.792265506471712122e+00
-2.000000000000000000e+00 2.000000000000000000e+00 6.487400000000000055e+00
-2.000000000000000000e+00 2.500000000000000000e+00 7.168446457037631170e+00
-2.000000000000000000e+00 3.000000000000000000e+00 7.780300000000000438e+00
-2.000000000000000000e+00 3.500000000000000000e+00 8.307766202493175101e+00
-2.000000000000000000e+00 4.000000000000000000e+00 8.794999999999999929e+00
-1.500000000000000000e+00 -4.000000000000000000e+00 2.256169392548039720e+00
-1.500000000000000000e+00 -3.500000000000000000e+00 2.555287110448944077e+00
-1.500000000000000000e+00 -3.000000000000000000e+00 2.791373549538778143e+00
-1.500000000000000000e+00 -2.500000000000000000e+00 2.983344041837759697e+00
-1.500000000000000000e+00 -2.000000000000000000e+00 3.197416214267997603e+00
-1.500000000000000000e+00 -1.500000000000000000e+00 3.556897140876230434e+00
-1.500000000000000000e+00 -1.000000000000000000e+00 3.989975261482067381e+00
-1.500000000000000000e+00 -5.000000000000000000e-01 4.350134909649819193e+00
-1.500000000000000000e+00 0.000000000000000000e+00 4.734944107650528977e+00
-1.500000000000000000e+00 5.000000000000000000e-01 5.152176602990289567e+00
-1.500000000000000000e+00 1.000000000000000000e+00 5.640887049609549564e+00
-1.500000000000000000e+00 1.500000000000000000e+00 6.389960101693606731e+00
-1.500000000000000000e+00 2.000000000000000000e+00 7.153696993873389864e+00
-1.500000000000000000e+00 2.500000000000000000e+00 7.903443194920452441e+00
-1.500000000000000000e+00 3.000000000000000000e+00 8.579149748265939124e+00
-1.500000000000000000e+00 3.500000000000000000e+00 9.072986375420079241e+00
-1.500000000000000000e+00 4.000000000000000000e+00 9.524556512425943922e+00
-1.000000000000000000e+00 -4.000000000000000000e+00 2.502600000000000158e+00
-1.000000000000000000e+00 -3.500000000000000000e+00 2.806135160076556723e+00
-1.000000000000000000e+00 -3.000000000000000000e+00 3.066800000000000193e+00
-1.000000000000000000e+00 -2.500000000000000000e+00 3.291167858671121493e+00
-1.000000000000000000e+00 -2.000000000000000000e+00 3.559299999999999908e+00
-1.000000000000000000e+00 -1.500000000000000000e+00 3.961052316965739450e+00
-1.000000000000000000e+00 -1.000000000000000000e+00 4.427200000000000024e+00
-1.000000000000000000e+00 -5.000000000000000000e-01 4.852551442328925546e+00
-1.000000000000000000e+00 0.000000000000000000e+00 5.271899999999999586e+00
-1.000000000000000000e+00 5.000000000000000000e-01 5.706321262210128253e+00
-1.000000000000000000e+00 1.000000000000000000e+00 6.259500000000000064e+00
-1.000000000000000000e+00 1.500000000000000000e+00 7.054034120793359897e+00
-1.000000000000000000e+00 2.000000000000000000e+00 7.928099999999999703e+00
-1.000000000000000000e+00 2.500000000000000000e+00 8.748019184838453199e+00
-1.000000000000000000e+00 3.000000000000000000e+00 9.480199999999999960e+00
-1.000000000000000000e+00 3.500000000000000000e+00 1.006187467834761762e+01
-1.000000000000000000e+00 4.000000000000000000e+00 1.051040000000000063e+01
-5.000000000000000000e-01 -4.000000000000000000e+00 2.786104670862404209e+00
-5.000000000000000000e-01 -3.500000000000000000e+00 3.122852552740173593e+00
-5.000000000000000000e-01 -3.000000000000000000e+00 3.418053981031718092e+00
-5.000000000000000000e-01 -2.500000000000000000e+00 3.684777393609471652e+00
-5.000000000000000000e-01 -2.000000000000000000e+00 4.003677990550193577e+00
-5.000000000000000000e-01 -1.500000000000000000e+00 4.366962162334555586e+00
-5.000000000000000000e-01 -1.000000000000000000e+00 4.876900699551246277e+00
-5.000000000000000000e-01 -5.000000000000000000e-01 5.378165227795352443e+00
-5.000000000000000000e-01 0.000000000000000000e+00 5.974879716788342954e+00
-5.000000000000000000e-01 5.000000000000000000e-01 6.540428576454421439e+00
-5.000000000000000000e-01 1.000000000000000000e+00 7.162279050816937165e+00
-5.000000000000000000e-01 1.500000000000000000e+00 8.006477685721625548e+00
-5.000000000000000000e-01 2.000000000000000000e+00 8.824658479578621595e+00
-5.000000000000000000e-01 2.500000000000000000e+00 9.664561116837560917e+00
-5.000000000000000000e-01 3.000000000000000000e+00 1.051089874015744563e+01
-5.000000000000000000e-01 3.500000000000000000e+00 1.123809401604082225e+01
-5.000000000000000000e-01 4.000000000000000000e+00 1.203161170424136195e+01
0.000000000000000000e+00 -4.000000000000000000e+00 3.101999999999999869e+00
0.000000000000000000e+00 -3.500000000000000000e+00 3.459310387100816175e+00
0.000000000000000000e+00 -3.000000000000000000e+00 3.800399999999999778e+00
0.000000000000000000e+00 -2.500000000000000000e+00 4.138502568216676281e+00
0.000000000000000000e+00 -2.000000000000000000e+00 4.504800000000000360e+00
0.000000000000000000e+00 -1.500000000000000000e+00 4.918158124057301350e+00
0.000000000000000000e+00 -1.000000000000000000e+00 5.430100000000000371e+00
0.000000000000000000e+00 -5.000000000000000000e-01 6.077098201658960086e+00
0.000000000000000000e+00 0.000000000000000000e+00 6.784799999999999720e+00
0.000000000000000000e+00 5.000000000000000000e-01 7.480528329222926764e+00
0.000000000000000000e+00 1.000000000000000000e+00 8.227100000000000080e+00
0.000000000000000000e+00 1.500000000000000000e+00 9.049720536636618462e+00
0.000000000000000000e+00 2.000000000000000000e+00 9.907099999999999795e+00
0.000000000000000000e+00 2.500000000000000000e+00 1.080119501017741435e+01
0.000000000000000000e+00 3.000000000000000000e+00 1.175399999999999956e+01
0.000000000000000000e+00 3.500000000000000000e+00 1.281006050491710369e+01
0.000000000000000000e+00 4.000000000000000000e+00 1.394400000000000084e+01
5.000000000000000000e-01 -4.000000000000000000e+00 3.457275826230401972e+00
5.000000000000000000e-01 -3.500000000000000000e+00 3.831510241490253765e+00
5.000000000000000000e-01 -3.000000000000000000e+00 4.163158939880467813e+00
5.000000000000000000e-01 -2.500000000000000000e+00 4.568480447997781191e+00
5.000000000000000000e-01 -2.000000000000000000e+00 5.019748120303958672e+00
5.000000000000000000e-01 -1.500000000000000000e+00 5.520753602314445452e+00
5.000000000000000000e-01 -1.000000000000000000e+00 6.168121016985524285e+00
5.000000000000000000e-01 -5.000000000000000000e-01 6.826849484980382243e+00
5.000000000000000000e-01 0.000000000000000000e+00 7.623335375403018865e+00
5.000000000000000000e-01 5.000000000000000000e-01 8.427039956916347663e+00
5.000000000000000000e-01 1.000000000000000000e+00 9.353662677003566017e+00
5.000000000000000000e-01 1.500000000000000000e+00 1.031160818170893734e+01
5.000000000000000000e-01 2.000000000000000000e+00 1.123497719636634962e+01
5.000000000000000000e-01 2.500000000000000000e+00 1.221005546124988150e+01
5.000000000000000000e-01 3.000000000000000000e+00 1.319840945949690081e+01
5.000000000000000000e-01 3.500000000000000000e+00 1.453685167154003111e+01
5.000000000000000000e-01 4.000000000000000000e+00 1.595532809261563223e+01
1.000000000000000000e+00 -4.000000000000000000e+00 3.871900000000000119e+00
1.000000000000000000e+00 -3.500000000000000000e+00 4.229398375800700549e+00
1.000000000000000000e+00 -3.000000000000000000e+00 4.601300000000000168e+00
1.000000000000000000e+00 -2.500000000000000000e+00 5.068662633342346346e+00
1.000000000000000000e+00 -2.000000000000000000e+00 5.627100000000000435e+00
1.000000000000000000e+00 -1.500000000000000000e+00 6.293960106577535463e+00
1.000000000000000000e+00 -1.000000000000000000e+00 7.028400000000000425e+00
1.000000000000000000e+00 -5.000000000000000000e-01 7.755975408507019608e+00
1.000000000000000000e+00 0.000000000000000000e+00 8.556599999999999540e+00
1.000000000000000000e+00 5.000000000000000000e-01 9.510853641685336868e+00
1.000000000000000000e+00 1.000000000000000000e+00 1.058239999999999981e+01
1.000000000000000000e+00 1.500000000000000000e+00 1.170604460797617818e+01
1.000000000000000000e+00 2.000000000000000000e+00 1.278330000000000055e+01
1.000000000000000000e+00 2.500000000000000000e+00 1.374507008438085975e+01
1.000000000000000000e+00 3.000000000000000000e+00 1.484120000000000061e+01
1.000000000000000000e+00 3.500000000000000000e+00 1.632942284529940480e+01
1.000000000000000000e+00 4.000000000000000000e+00 1.801200000000000045e+01
1.500000000000000000e+00 -4.000000000000000000e+00 4.354960524385153242e+00
1.500000000000000000e+00 -3.500000000000000000e+00 4.802455668185649174e+00
1.500000000000000000e+00 -3.000000000000000000e+00 5.223374331774588875e+00
1.500000000000000000e+00 -2.500000000000000000e+00 5.761542203922522809e+00
1.500000000000000000e+00 -2.000000000000000000e+00 6.405243610051003955e+00
1.500000000000000000e+00 -1.500000000000000000e+00 7.104526528719878442e+00
1.500000000000000000e+00 -1.000000000000000000e+00 7.953553631443886829e+00
1.500000000000000000e+00 -5.000000000000000000e-01 8.777490711013228974e+00
1.500000000000000000e+00 0.000000000000000000e+00 9.645298067594819003e+00
1.500000000000000000e+00 5.000000000000000000e-01 1.074573425488159906e+01
1.500000000000000000e+00 1.000000000000000000e+00 1.196400429731423287e+01
1.500000000000000000e+00 1.500000000000000000e+00 1.325514805445173927e+01
1.500000000000000000e+00 2.000000000000000000e+00 1.461746228918734580e+01
1.500000000000000000e+00 2.500000000000000000e+00 1.559842438155886235e+01
1.500000000000000000e+00 3.000000000000000000e+00 1.679025919534245048e+01
1.500000000000000000e+00 3.500000000000000000e+00 1.841619165469045782e+01
1.500000000000000000e+00 4.000000000000000000e+00 2.024824145122811458e+01
2.000000000000000000e+00 -4.000000000000000000e+00 4.926199999999999690e+00
2.000000000000000000e+00 -3.500000000000000000e+00 5.432298808531066392e+00
2.000000000000000000e+00 -3.000000000000000000e+00 5.953599999999999781e+00
2.000000000000000000e+00 -2.500000000000000000e+00 6.550377028390139245e+00
2.000000000000000000e+00 -2.000000000000000000e+00 7.269999999999999574e+00
2.000000000000000000e+00 -1.500000000000000000e+00 8.106757142206040712e+00
2.000000000000000000e+00 -1.000000000000000000e+00 9.048700000000000188e+00
2.000000000000000000e+00 -5.000000000000000000e-01 1.001485400950076254e+01
2.000000000000000000e+00 0.000000000000000000e+00 1.104889999999999972e+01
2.000000000000000000e+00 5.000000000000000000e-01 1.228014224466169324e+01
2.000000000000000000e+00 1.000000000000000000e+00 1.366119999999999912e+01
2.000000000000000000e+00 1.500000000000000000e+00 1.519718748525879448e+01
2.000000000000000000e+00 2.000000000000000000e+00 1.667950000000000088e+01
2.000000000000000000e+00 2.500000000000000000e+00 1.786039741773943845e+01
2.000000000000000000e+00 3.000000000000000000e+00 1.914969999999999928e+01
2.000000000000000000e+00 3.500000000000000000e+00 2.087791577571859136e+01
2.000000000000000000e+00 4.000000000000000000e+00 2.283810000000000073e+01
2.500000000000000000e+00 -4.000000000000000000e+00 5.616226078913098441e+00
2.500000000000000000e+00 -3.500000000000000000e+00 6.179221629479324740e+00
2.500000000000000000e+00 -3.000000000000000000e+00 6.741289654821123634e+00
2.500000000000000000e+00 -2.500000000000000000e+00 7.325329948756481357e+00
2.500000000000000000e+00 -2.000000000000000000e+00 8.151350862936244113e+00
2.500000000000000000e+00 -1.500000000000000000e+00 9.156058605767974257e+00
2.500000000000000000e+00 -1.000000000000000000e+00 1.041251723838335508e+01
2.500000000000000000e+00 -5.000000000000000000e-01 1.167985373545851147e+01
2.500000000000000000e+00 0.000000000000000000e+00 1.291832806953041057e+01
2.500000000000000000e+00 5.000000000000000000e-01 1.431856608122203411e+01
2.500000000000000000e+00 1.000000000000000000e+00 1.583739975553544710e+01
2.500000000000000000e+00 1.500000000000000000e+00 1.718696596049580805e+01
2.500000000000000000e+00 2.000000000000000000e+00 1.882916911956696993e+01
2.500000000000000000e+00 2.500000000000000000e+00 2.024989422699868769e+01
2.500000000000000000e+00 3.000000000000000000e+00 2.205755192275616494e+01
2.500000000000000000e+00 3.500000000000000000e+00 2.381760532002690667e+01
2.500000000000000000e+00 4.000000000000000000e+00 2.581341568742535486e+01
3.000000000000000000e+00 -4.000000000000000000e+00 6.421299999999999564e+00
3.000000000000000000e+00 -3.500000000000000000e+00 7.031332320354461096e+00
3.000000000000000000e+00 -3.000000000000000000e+00 7.649000000000000021e+00
3.000000000000000000e+00 -2.500000000000000000e+00 8.330225044560970460e+00
3.000000000000000000e+00 -2.000000000000000000e+00 9.238799999999999457e+00
3.000000000000000000e+00 -1.500000000000000000e+00 1.050531724331956873e+01
3.000000000000000000e+00 -1.000000000000000000e+00 1.198370000000000068e+01
3.000000000000000000e+00 -5.000000000000000000e-01 1.349065621244299251e+01
3.000000000000000000e+00 0.000000000000000000e+00 1.500670000000000037e+01
3.000000000000000000e+00 5.000000000000000000e-01 1.660555138850517309e+01
3.000000000000000000e+00 1.000000000000000000e+00 1.820550000000000068e+01
3.000000000000000000e+00 1.500000000000000000e+00 1.968585716700495070e+01
3.000000000000000000e+00 2.000000000000000000e+00 2.128989999999999938e+01
3.000000000000000000e+00 2.500000000000000000e+00 2.322019151613626775e+01
3.000000000000000000e+00 3.000000000000000000e+00 2.525450000000000017e+01
3.000000000000000000e+00 3.500000000000000000e+00 2.717074259005060100e+01
3.000000000000000000e+00 4.000000000000000000e+00 2.907019999999999982e+01
3.500000000000000000e+00 -4.000000000000000000e+00 7.311764758592664393e+00
3.500000000000000000e+00 -3.500000000000000000e+00 7.967052403853140063e+00
3.500000000000000000e+00 -3.000000000000000000e+00 8.698596142319864555e+00
3.500000000000000000e+00 -2.500000000000000000e+00 9.535282342023895907e+00
3.500000000000000000e+00 -2.000000000000000000e+00 1.071322237911852326e+01
3.500000000000000000e+00 -1.500000000000000000e+00 1.203718668560259886e+01
3.500000000000000000e+00 -1.000000000000000000e+00 1.367349966394701610e+01
3.500000000000000000e+00 -5.000000000000000000e-01 1.535608168935677398e+01
3.500000000000000000e+00 0.000000000000000000e+00 1.712809976754776642e+01
3.500000000000000000e+00 5.000000000000000000e-01 1.862768412912995331e+01
3.500000000000000000e+00 1.000000000000000000e+00 2.038956706979053379e+01
3.500000000000000000e+00 1.500000000000000000e+00 2.208153459082441472e+01
3.500000000000000000e+00 2.000000000000000000e+00 2.424616679149876930e+01
3.500000000000000000e+00 2.500000000000000000e+00 2.619529312638485408e+01
3.500000000000000000e+00 3.000000000000000000e+00 2.835854742678225904e+01
3.500000000000000000e+00 3.500000000000000000e+00 3.033327423804013989e+01
3.500000000000000000e+00 4.000000000000000000e+00 3.250912013482117402e+01
4.000000000000000000e+00 -4.000000000000000000e+00 8.240600000000000591e+00
4.000000000000000000e+00 -3.500000000000000000e+00 8.957246458179632498e+00
4.000000000000000000e+00 -3.000000000000000000e+00 9.807399999999999451e+00
4.000000000000000000e+00 -2.500000000000000000e+00 1.100253900451672706e+01
4.000000000000000000e+00 -2.000000000000000000e+00 1.242660000000000053e+01
4.000000000000000000e+00 -1.500000000000000000e+00 1.383238170756668595e+01
4.000000000000000000e+00 -1.000000000000000000e+00 1.541510000000000069e+01
4.000000000000000000e+00 -5.000000000000000000e-01 1.737262734996468083e+01
4.000000000000000000e+00 0.000000000000000000e+00 1.929629999999999868e+01
4.000000000000000000e+00 5.000000000000000000e-01 2.081012830338378450e+01
4.000000000000000000e+00 1.000000000000000000e+00 2.245009999999999906e+01
4.000000000000000000e+00 1.500000000000000000e+00 2.486502361478462930e+01
4.000000000000000000e+00 2.000000000000000000e+00 2.748470000000000013e+01
4.000000000000000000e+00 2.500000000000000000e+00 2.953846321205649517e+01
4.000000000000000000e+00 3.000000000000000000e+00 3.143110000000000070e+01
4.000000000000000000e+00 3.500000000000000000e+00 3.364227148691223590e+01
4.000000000000000000e+00 4.000000000000000000e+00 3.605290000000000106e+01
