-4.000000000000000000e+00 -4.000000000000000000e+00 6.740000000000000000e+02
-4.000000000000000000e+00 -3.500000000000000000e+00 6.580000000000000000e+02
-4.000000000000000000e+00 -3.000000000000000000e+00 6.370000000000000000e+02
-4.000000000000000000e+00 -2.500000000000000000e+00 6.140000000000000000e+02
-4.000000000000000000e+00 -2.000000000000000000e+00 5.890000000000000000e+02
-4.000000000000000000e+00 -1.500000000000000000e+00 5.700000000000000000e+02
-4.000000000000000000e+00 -1.000000000000000000e+00 5.510000000000000000e+02
-4.000000000000000000e+00 -5.000000000000000000e-01 5.340000000000000000e+02
-4.000000000000000000e+00 -0.000000000000000000e+00 5.180000000000000000e+02
-4.000000000000000000e+00 5.000000000000000000e-01 5.000000000000000000e+02
-4.000000000000000000e+00 1.000000000000000000e+00 4.960000000000000000e+02
-4.000000000000000000e+00 1.500000000000000000e+00 4.990000000000000000e+02
-4.000000000000000000e+00 2.000000000000000000e+00 4.790000000000000000e+02
-4.000000000000000000e+00 2.500000000000000000e+00 4.490000000000000000e+02
-4.000000000000000000e+00 3.000000000000000000e+00 4.220000000000000000e+02
-4.000000000000000000e+00 3.500000000000000000e+00 3.820000000000000000e+02
-4.000000000000000000e+00 4.000000000000000000e+00 3.390000000000000000e+02
-3.500000000000000000e+00 -4.000000000000000000e+00 6.500000000000000000e+02
-3.500000000000000000e+00 -3.500000000000000000e+00 6.230000000000000000e+02
-3.500000000000000000e+00 -3.000000000000000000e+00 6.120000000000000000e+02
-3.500000000000000000e+00 -2.500000000000000000e+00 5.870000000000000000e+02
-3.500000000000000000e+00 -2.000000000000000000e+00 5.620000000000000000e+02
-3.500000000000000000e+00 -1.500000000000000000e+00 5.560000000000000000e+02
-3.500000000000000000e+00 -1.000000000000000000e+00 5.340000000000000000e+02
-3.500000000000000000e+00 -5.000000000000000000e-01 5.150000000000000000e+02
-3.500000000000000000e+00 -0.000000000000000000e+00 5.020000000000000000e+02
-3.500000000000000000e+00 5.000000000000000000e-01 4.930000000000000000e+02
-3.500000000000000000e+00 1.000000000000000000e+00 5.000000000000000000e+02
-3.500000000000000000e+00 1.500000000000000000e+00 4.980000000000000000e+02
-3.500000000000000000e+00 2.000000000000000000e+00 4.740000000000000000e+02
-3.500000000000000000e+00 2.500000000000000000e+00 4.370000000000000000e+02
-3.500000000000000000e+00 3.000000000000000000e+00 4.040000000000000000e+02
-3.500000000000000000e+00 3.500000000000000000e+00 3.630000000000000000e+02
-3.500000000000000000e+00 4.000000000000000000e+00 3.160000000000000000e+02
-3.000000000000000000e+00 -4.000000000000000000e+00 6.100000000000000000e+02
-3.000000000000000000e+00 -3.500000000000000000e+00 5.880000000000000000e+02
-3.000000000000000000e+00 -3.000000000000000000e+00 5.750000000000000000e+02
-3.000000000000000000e+00 -2.500000000000000000e+00 5.610000000000000000e+02
-3.000000000000000000e+00 -2.000000000000000000e+00 5.410000000000000000e+02
-3.000000000000000000e+00 -1.500000000000000000e+00 5.400000000000000000e+02
-3.000000000000000000e+00 -1.000000000000000000e+00 5.120000000000000000e+02
-3.000000000000000000e+00 -5.000000000000000000e-01 5.020000000000000000e+02
-3.000000000000000000e+00 -0.000000000000000000e+00 4.910000000000000000e+02
-3.000000000000000000e+00 5.000000000000000000e-01 4.870000000000000000e+02
-3.000000000000000000e+00 1.000000000000000000e+00 4.980000000000000000e+02
-3.000000000000000000e+00 1.500000000000000000e+00 4.890000000000000000e+02
-3.000000000000000000e+00 2.000000000000000000e+00 4.570000000000000000e+02
-3.000000000000000000e+00 2.500000000000000000e+00 4.210000000000000000e+02
-3.000000000000000000e+00 3.000000000000000000e+00 3.790000000000000000e+02
-3.000000000000000000e+00 3.500000000000000000e+00 3.380000000000000000e+02
-3.000000000000000000e+00 4.000000000000000000e+00 2.970000000000000000e+02
-2.500000000000000000e+00 -4.000000000000000000e+00 5.690000000000000000e+02
-2.500000000000000000e+00 -3.500000000000000000e+00 5.510000000000000000e+02
-2.500000000000000000e+00 -3.000000000000000000e+00 5.450000000000000000e+02
-2.500000000000000000e+00 -2.500000000000000000e+00 5.400000000000000000e+02
-2.500000000000000000e+00 -2.000000000000000000e+00 5.210000000000000000e+02
-2.500000000000000000e+00 -1.500000000000000000e+00 5.160000000000000000e+02
-2.500000000000000000e+00 -1.000000000000000000e+00 4.910000000000000000e+02
-2.500000000000000000e+00 -5.000000000000000000e-01 4.850000000000000000e+02
-2.500000000000000000e+00 -0.000000000000000000e+00 4.970000000000000000e+02
-2.500000000000000000e+00 5.000000000000000000e-01 4.970000000000000000e+02
-2.500000000000000000e+00 1.000000000000000000e+00 4.910000000000000000e+02
-2.500000000000000000e+00 1.500000000000000000e+00 4.680000000000000000e+02
-2.500000000000000000e+00 2.000000000000000000e+00 4.290000000000000000e+02
-2.500000000000000000e+00 2.500000000000000000e+00 3.950000000000000000e+02
-2.500000000000000000e+00 3.000000000000000000e+00 3.520000000000000000e+02
-2.500000000000000000e+00 3.500000000000000000e+00 3.130000000000000000e+02
-2.500000000000000000e+00 4.000000000000000000e+00 2.810000000000000000e+02
-2.000000000000000000e+00 -4.000000000000000000e+00 5.370000000000000000e+02
-2.000000000000000000e+00 -3.500000000000000000e+00 5.260000000000000000e+02
-2.000000000000000000e+00 -3.000000000000000000e+00 5.210000000000000000e+02
-2.000000000000000000e+00 -2.500000000000000000e+00 5.160000000000000000e+02
-2.000000000000000000e+00 -2.000000000000000000e+00 4.980000000000000000e+02
-2.000000000000000000e+00 -1.500000000000000000e+00 4.870000000000000000e+02
-2.000000000000000000e+00 -1.000000000000000000e+00 4.740000000000000000e+02
-2.000000000000000000e+00 -5.000000000000000000e-01 4.800000000000000000e+02
-2.000000000000000000e+00 -0.000000000000000000e+00 4.940000000000000000e+02
-2.000000000000000000e+00 5.000000000000000000e-01 4.910000000000000000e+02
-2.000000000000000000e+00 1.000000000000000000e+00 4.720000000000000000e+02
-2.000000000000000000e+00 1.500000000000000000e+00 4.420000000000000000e+02
-2.000000000000000000e+00 2.000000000000000000e+00 4.050000000000000000e+02
-2.000000000000000000e+00 2.500000000000000000e+00 3.690000000000000000e+02
-2.000000000000000000e+00 3.000000000000000000e+00 3.250000000000000000e+02
-2.000000000000000000e+00 3.500000000000000000e+00 2.900000000000000000e+02
-2.000000000000000000e+00 4.000000000000000000e+00 2.640000000000000000e+02
-1.500000000000000000e+00 -4.000000000000000000e+00 5.000000000000000000e+02
-1.500000000000000000e+00 -3.500000000000000000e+00 4.990000000000000000e+02
-1.500000000000000000e+00 -3.000000000000000000e+00 4.870000000000000000e+02
-1.500000000000000000e+00 -2.500000000000000000e+00 4.910000000000000000e+02
-1.500000000000000000e+00 -2.000000000000000000e+00 4.710000000000000000e+02
-1.500000000000000000e+00 -1.500000000000000000e+00 4.720000000000000000e+02
-1.500000000000000000e+00 -1.000000000000000000e+00 4.680000000000000000e+02
-1.500000000000000000e+00 -5.000000000000000000e-01 4.810000000000000000e+02
-1.500000000000000000e+00 -0.000000000000000000e+00 4.860000000000000000e+02
-1.500000000000000000e+00 5.000000000000000000e-01 4.720000000000000000e+02
-1.500000000000000000e+00 1.000000000000000000e+00 4.420000000000000000e+02
-1.500000000000000000e+00 1.500000000000000000e+00 4.100000000000000000e+02
-1.500000000000000000e+00 2.000000000000000000e+00 3.760000000000000000e+02
-1.500000000000000000e+00 2.500000000000000000e+00 3.400000000000000000e+02
-1.500000000000000000e+00 3.000000000000000000e+00 3.020000000000000000e+02
-1.500000000000000000e+00 3.500000000000000000e+00 2.700000000000000000e+02
-1.500000000000000000e+00 4.000000000000000000e+00 2.490000000000000000e+02
-1.000000000000000000e+00 -4.000000000000000000e+00 4.590000000000000000e+02
-1.000000000000000000e+00 -3.500000000000000000e+00 4.710000000000000000e+02
-1.000000000000000000e+00 -3.000000000000000000e+00 4.690000000000000000e+02
-1.000000000000000000e+00 -2.500000000000000000e+00 4.650000000000000000e+02
-1.000000000000000000e+00 -2.000000000000000000e+00 4.530000000000000000e+02
-1.000000000000000000e+00 -1.500000000000000000e+00 4.610000000000000000e+02
-1.000000000000000000e+00 -1.000000000000000000e+00 4.660000000000000000e+02
-1.000000000000000000e+00 -5.000000000000000000e-01 4.730000000000000000e+02
-1.000000000000000000e+00 -0.000000000000000000e+00 4.660000000000000000e+02
-1.000000000000000000e+00 5.000000000000000000e-01 4.430000000000000000e+02
-1.000000000000000000e+00 1.000000000000000000e+00 4.110000000000000000e+02
-1.000000000000000000e+00 1.500000000000000000e+00 3.790000000000000000e+02
-1.000000000000000000e+00 2.000000000000000000e+00 3.420000000000000000e+02
-1.000000000000000000e+00 2.500000000000000000e+00 3.100000000000000000e+02
-1.000000000000000000e+00 3.000000000000000000e+00 2.770000000000000000e+02
-1.000000000000000000e+00 3.500000000000000000e+00 2.550000000000000000e+02
-1.000000000000000000e+00 4.000000000000000000e+00 2.380000000000000000e+02
-5.000000000000000000e-01 -4.000000000000000000e+00 4.260000000000000000e+02
-5.000000000000000000e-01 -3.500000000000000000e+00 4.490000000000000000e+02
-5.000000000000000000e-01 -3.000000000000000000e+00 4.430000000000000000e+02
-5.000000000000000000e-01 -2.500000000000000000e+00 4.420000000000000000e+02
-5.000000000000000000e-01 -2.000000000000000000e+00 4.390000000000000000e+02
-5.000000000000000000e-01 -1.500000000000000000e+00 4.480000000000000000e+02
-5.000000000000000000e-01 -1.000000000000000000e+00 4.570000000000000000e+02
-5.000000000000000000e-01 -5.000000000000000000e-01 4.520000000000000000e+02
-5.000000000000000000e-01 -0.000000000000000000e+00 4.370000000000000000e+02
-5.000000000000000000e-01 5.000000000000000000e-01 4.110000000000000000e+02
-5.000000000000000000e-01 1.000000000000000000e+00 3.790000000000000000e+02
-5.000000000000000000e-01 1.500000000000000000e+00 3.460000000000000000e+02
-5.000000000000000000e-01 2.000000000000000000e+00 3.120000000000000000e+02
-5.000000000000000000e-01 2.500000000000000000e+00 2.810000000000000000e+02
-5.000000000000000000e-01 3.000000000000000000e+00 2.570000000000000000e+02
-5.000000000000000000e-01 3.500000000000000000e+00 2.400000000000000000e+02
-5.000000000000000000e-01 4.000000000000000000e+00 2.220000000000000000e+02
0.000000000000000000e+00 -4.000000000000000000e+00 3.920000000000000000e+02
-0.000000000000000000e+00 -3.500000000000000000e+00 4.140000000000000000e+02
0.000000000000000000e+00 -3.000000000000000000e+00 4.150000000000000000e+02
-0.000000000000000000e+00 -2.500000000000000000e+00 4.240000000000000000e+02
0.000000000000000000e+00 -2.000000000000000000e+00 4.260000000000000000e+02
-0.000000000000000000e+00 -1.500000000000000000e+00 4.340000000000000000e+02
0.000000000000000000e+00 -1.000000000000000000e+00 4.370000000000000000e+02
-0.000000000000000000e+00 -5.000000000000000000e-01 4.230000000000000000e+02
0.000000000000000000e+00 -0.000000000000000000e+00 4.020000000000000000e+02
-0.000000000000000000e+00 5.000000000000000000e-01 3.780000000000000000e+02
0.000000000000000000e+00 1.000000000000000000e+00 3.470000000000000000e+02
-0.000000000000000000e+00 1.500000000000000000e+00 3.140000000000000000e+02
0.000000000000000000e+00 2.000000000000000000e+00 2.820000000000000000e+02
-0.000000000000000000e+00 2.500000000000000000e+00 2.590000000000000000e+02
0.000000000000000000e+00 3.000000000000000000e+00 2.420000000000000000e+02
-0.000000000000000000e+00 3.500000000000000000e+00 2.240000000000000000e+02
0.000000000000000000e+00 4.000000000000000000e+00 2.060000000000000000e+02
5.000000000000000000e-01 -4.000000000000000000e+00 3.800000000000000000e+02
5.000000000000000000e-01 -3.500000000000000000e+00 3.930000000000000000e+02
5.000000000000000000e-01 -3.000000000000000000e+00 3.930000000000000000e+02
5.000000000000000000e-01 -2.500000000000000000e+00 4.040000000000000000e+02
5.000000000000000000e-01 -2.000000000000000000e+00 4.090000000000000000e+02
5.000000000000000000e-01 -1.500000000000000000e+00 4.150000000000000000e+02
5.000000000000000000e-01 -1.000000000000000000e+00 4.100000000000000000e+02
5.000000000000000000e-01 -5.000000000000000000e-01 3.980000000000000000e+02
5.000000000000000000e-01 -0.000000000000000000e+00 3.690000000000000000e+02
5.000000000000000000e-01 5.000000000000000000e-01 3.460000000000000000e+02
5.000000000000000000e-01 1.000000000000000000e+00 3.120000000000000000e+02
5.000000000000000000e-01 1.500000000000000000e+00 2.830000000000000000e+02
5.000000000000000000e-01 2.000000000000000000e+00 2.590000000000000000e+02
5.000000000000000000e-01 2.500000000000000000e+00 2.420000000000000000e+02
5.000000000000000000e-01 3.000000000000000000e+00 2.250000000000000000e+02
5.000000000000000000e-01 3.500000000000000000e+00 2.050000000000000000e+02
5.000000000000000000e-01 4.000000000000000000e+00 1.880000000000000000e+02
1.000000000000000000e+00 -4.000000000000000000e+00 3.670000000000000000e+02
1.000000000000000000e+00 -3.500000000000000000e+00 3.770000000000000000e+02
1.000000000000000000e+00 -3.000000000000000000e+00 3.810000000000000000e+02
1.000000000000000000e+00 -2.500000000000000000e+00 3.930000000000000000e+02
1.000000000000000000e+00 -2.000000000000000000e+00 3.930000000000000000e+02
1.000000000000000000e+00 -1.500000000000000000e+00 3.920000000000000000e+02
1.000000000000000000e+00 -1.000000000000000000e+00 3.810000000000000000e+02
1.000000000000000000e+00 -5.000000000000000000e-01 3.640000000000000000e+02
1.000000000000000000e+00 -0.000000000000000000e+00 3.400000000000000000e+02
1.000000000000000000e+00 5.000000000000000000e-01 3.110000000000000000e+02
1.000000000000000000e+00 1.000000000000000000e+00 2.820000000000000000e+02
1.000000000000000000e+00 1.500000000000000000e+00 2.570000000000000000e+02
1.000000000000000000e+00 2.000000000000000000e+00 2.410000000000000000e+02
1.000000000000000000e+00 2.500000000000000000e+00 2.250000000000000000e+02
1.000000000000000000e+00 3.000000000000000000e+00 2.060000000000000000e+02
1.000000000000000000e+00 3.500000000000000000e+00 1.870000000000000000e+02
1.000000000000000000e+00 4.000000000000000000e+00 1.700000000000000000e+02
1.500000000000000000e+00 -4.000000000000000000e+00 3.520000000000000000e+02
1.500000000000000000e+00 -3.500000000000000000e+00 3.630000000000000000e+02
1.500000000000000000e+00 -3.000000000000000000e+00 3.650000000000000000e+02
1.500000000000000000e+00 -2.500000000000000000e+00 3.720000000000000000e+02
1.500000000000000000e+00 -2.000000000000000000e+00 3.700000000000000000e+02
1.500000000000000000e+00 -1.500000000000000000e+00 3.640000000000000000e+02
1.500000000000000000e+00 -1.000000000000000000e+00 3.480000000000000000e+02
1.500000000000000000e+00 -5.000000000000000000e-01 3.330000000000000000e+02
1.500000000000000000e+00 -0.000000000000000000e+00 3.000000000000000000e+02
1.500000000000000000e+00 5.000000000000000000e-01 2.780000000000000000e+02
1.500000000000000000e+00 1.000000000000000000e+00 2.550000000000000000e+02
1.500000000000000000e+00 1.500000000000000000e+00 2.390000000000000000e+02
1.500000000000000000e+00 2.000000000000000000e+00 2.240000000000000000e+02
1.500000000000000000e+00 2.500000000000000000e+00 2.050000000000000000e+02
1.500000000000000000e+00 3.000000000000000000e+00 1.860000000000000000e+02
1.500000000000000000e+00 3.500000000000000000e+00 1.690000000000000000e+02
1.500000000000000000e+00 4.000000000000000000e+00 1.550000000000000000e+02
2.000000000000000000e+00 -4.000000000000000000e+00 3.280000000000000000e+02
2.000000000000000000e+00 -3.500000000000000000e+00 3.460000000000000000e+02
2.000000000000000000e+00 -3.000000000000000000e+00 3.480000000000000000e+02
2.000000000000000000e+00 -2.500000000000000000e+00 3.480000000000000000e+02
2.000000000000000000e+00 -2.000000000000000000e+00 3.440000000000000000e+02
2.000000000000000000e+00 -1.500000000000000000e+00 3.360000000000000000e+02
2.000000000000000000e+00 -1.000000000000000000e+00 3.090000000000000000e+02
2.000000000000000000e+00 -5.000000000000000000e-01 3.020000000000000000e+02
2.000000000000000000e+00 -0.000000000000000000e+00 2.710000000000000000e+02
2.000000000000000000e+00 5.000000000000000000e-01 2.500000000000000000e+02
2.000000000000000000e+00 1.000000000000000000e+00 2.350000000000000000e+02
2.000000000000000000e+00 1.500000000000000000e+00 2.190000000000000000e+02
2.000000000000000000e+00 2.000000000000000000e+00 2.060000000000000000e+02
2.000000000000000000e+00 2.500000000000000000e+00 1.880000000000000000e+02
2.000000000000000000e+00 3.000000000000000000e+00 1.710000000000000000e+02
2.000000000000000000e+00 3.500000000000000000e+00 1.580000000000000000e+02
2.000000000000000000e+00 4.000000000000000000e+00 1.430000000000000000e+02
2.500000000000000000e+00 -4.000000000000000000e+00 3.110000000000000000e+02
2.500000000000000000e+00 -3.500000000000000000e+00 3.260000000000000000e+02
2.500000000000000000e+00 -3.000000000000000000e+00 3.220000000000000000e+02
2.500000000000000000e+00 -2.500000000000000000e+00 3.190000000000000000e+02
2.500000000000000000e+00 -2.000000000000000000e+00 3.060000000000000000e+02
2.500000000000000000e+00 -1.500000000000000000e+00 3.050000000000000000e+02
2.500000000000000000e+00 -1.000000000000000000e+00 2.810000000000000000e+02
2.500000000000000000e+00 -5.000000000000000000e-01 2.640000000000000000e+02
2.500000000000000000e+00 -0.000000000000000000e+00 2.440000000000000000e+02
2.500000000000000000e+00 5.000000000000000000e-01 2.320000000000000000e+02
2.500000000000000000e+00 1.000000000000000000e+00 2.150000000000000000e+02
2.500000000000000000e+00 1.500000000000000000e+00 1.980000000000000000e+02
2.500000000000000000e+00 2.000000000000000000e+00 1.870000000000000000e+02
2.500000000000000000e+00 2.500000000000000000e+00 1.720000000000000000e+02
2.500000000000000000e+00 3.000000000000000000e+00 1.580000000000000000e+02
2.500000000000000000e+00 3.500000000000000000e+00 1.450000000000000000e+02
2.500000000000000000e+00 4.000000000000000000e+00 1.320000000000000000e+02
3.000000000000000000e+00 -4.000000000000000000e+00 2.890000000000000000e+02
3.000000000000000000e+00 -3.500000000000000000e+00 3.050000000000000000e+02
3.000000000000000000e+00 -3.000000000000000000e+00 2.960000000000000000e+02
3.000000000000000000e+00 -2.500000000000000000e+00 3.020000000000000000e+02
3.000000000000000000e+00 -2.000000000000000000e+00 2.800000000000000000e+02
3.000000000000000000e+00 -1.500000000000000000e+00 2.670000000000000000e+02
3.000000000000000000e+00 -1.000000000000000000e+00 2.520000000000000000e+02
3.000000000000000000e+00 -5.000000000000000000e-01 2.380000000000000000e+02
3.000000000000000000e+00 -0.000000000000000000e+00 2.240000000000000000e+02
3.000000000000000000e+00 5.000000000000000000e-01 2.080000000000000000e+02
3.000000000000000000e+00 1.000000000000000000e+00 1.950000000000000000e+02
3.000000000000000000e+00 1.500000000000000000e+00 1.760000000000000000e+02
3.000000000000000000e+00 2.000000000000000000e+00 1.670000000000000000e+02
3.000000000000000000e+00 2.500000000000000000e+00 1.590000000000000000e+02
3.000000000000000000e+00 3.000000000000000000e+00 1.460000000000000000e+02
3.000000000000000000e+00 3.500000000000000000e+00 1.330000000000000000e+02
3.000000000000000000e+00 4.000000000000000000e+00 1.210000000000000000e+02
3.500000000000000000e+00 -4.000000000000000000e+00 2.670000000000000000e+02
3.500000000000000000e+00 -3.500000000000000000e+00 2.700000000000000000e+02
3.500000000000000000e+00 -3.000000000000000000e+00 2.690000000000000000e+02
3.500000000000000000e+00 -2.500000000000000000e+00 2.690000000000000000e+02
3.500000000000000000e+00 -2.000000000000000000e+00 2.530000000000000000e+02
3.500000000000000000e+00 -1.500000000000000000e+00 2.420000000000000000e+02
3.500000000000000000e+00 -1.000000000000000000e+00 2.310000000000000000e+02
3.500000000000000000e+00 -5.000000000000000000e-01 2.150000000000000000e+02
3.500000000000000000e+00 -0.000000000000000000e+00 2.000000000000000000e+02
3.500000000000000000e+00 5.000000000000000000e-01 1.830000000000000000e+02
3.500000000000000000e+00 1.000000000000000000e+00 1.750000000000000000e+02
3.500000000000000000e+00 1.500000000000000000e+00 1.630000000000000000e+02
3.500000000000000000e+00 2.000000000000000000e+00 1.550000000000000000e+02
3.500000000000000000e+00 2.500000000000000000e+00 1.470000000000000000e+02
3.500000000000000000e+00 3.000000000000000000e+00 1.340000000000000000e+02
3.500000000000000000e+00 3.500000000000000000e+00 1.230000000000000000e+02
3.500000000000000000e+00 4.000000000000000000e+00 1.050000000000000000e+02
4.000000000000000000e+00 -4.000000000000000000e+00 2.470000000000000000e+02
4.000000000000000000e+00 -3.500000000000000000e+00 2.460000000000000000e+02
4.000000000000000000e+00 -3.000000000000000000e+00 2.430000000000000000e+02
4.000000000000000000e+00 -2.500000000000000000e+00 2.420000000000000000e+02
4.000000000000000000e+00 -2.000000000000000000e+00 2.340000000000000000e+02
4.000000000000000000e+00 -1.500000000000000000e+00 2.220000000000000000e+02
4.000000000000000000e+00 -1.000000000000000000e+00 2.090000000000000000e+02
4.000000000000000000e+00 -5.000000000000000000e-01 1.900000000000000000e+02
4.000000000000000000e+00 -0.000000000000000000e+00 1.780000000000000000e+02
4.000000000000000000e+00 5.000000000000000000e-01 1.640000000000000000e+02
4.000000000000000000e+00 1.000000000000000000e+00 1.590000000000000000e+02
4.000000000000000000e+00 1.500000000000000000e+00 1.520000000000000000e+02
4.000000000000000000e+00 2.000000000000000000e+00 1.440000000000000000e+02
4.000000000000000000e+00 2.500000000000000000e+00 1.360000000000000000e+02
4.000000000000000000e+00 3.000000000000000000e+00 1.230000000000000000e+02
4.000000000000000000e+00 3.500000000000000000e+00 1.070000000000000000e+02
4.000000000000000000e+00 4.000000000000000000e+00 9.200000000000000000e+01
