-4.000000000000000000e+00 -4.000000000000000000e+00 1.543931792006704717e-01
-4.000000000000000000e+00 -3.500000000000000000e+00 1.653994956807544048e-01
-4.000000000000000000e+00 -3.000000000000000000e+00 1.764862165405394201e-01
-4.000000000000000000e+00 -2.500000000000000000e+00 1.839585842640479307e-01
-4.000000000000000000e+00 -2.000000000000000000e+00 2.038335414514461930e-01
-4.000000000000000000e+00 -1.500000000000000000e+00 2.525338055137104076e-01
-4.000000000000000000e+00 -1.000000000000000000e+00 3.108703692264450646e-01
-4.000000000000000000e+00 -5.000000000000000000e-01 3.546929787050602245e-01
-4.000000000000000000e+00 -0.000000000000000000e+00 3.975235269022173168e-01
-4.000000000000000000e+00 5.000000000000000000e-01 4.586789913249358919e-01
-4.000000000000000000e+00 1.000000000000000000e+00 5.184145764943971502e-01
-4.000000000000000000e+00 1.500000000000000000e+00 5.676842693295823805e-01
-4.000000000000000000e+00 2.000000000000000000e+00 6.492132703765234325e-01
-4.000000000000000000e+00 2.500000000000000000e+00 7.699577805580939405e-01
-4.000000000000000000e+00 3.000000000000000000e+00 9.013736869626205461e-01
-4.000000000000000000e+00 3.500000000000000000e+00 1.065077496884011543e+00
-4.000000000000000000e+00 4.000000000000000000e+00 1.261512391448723402e+00
-3.500000000000000000e+00 -4.000000000000000000e+00 1.786578121423921806e-01
-3.500000000000000000e+00 -3.500000000000000000e+00 2.008260045359526458e-01
-3.500000000000000000e+00 -3.000000000000000000e+00 2.174367631940292145e-01
-3.500000000000000000e+00 -2.500000000000000000e+00 2.379861600173099612e-01
-3.500000000000000000e+00 -2.000000000000000000e+00 2.643171772220770932e-01
-3.500000000000000000e+00 -1.500000000000000000e+00 3.044726522576201022e-01
-3.500000000000000000e+00 -1.000000000000000000e+00 3.549183716003122546e-01
-3.500000000000000000e+00 -5.000000000000000000e-01 4.111394516614958472e-01
-3.500000000000000000e+00 -0.000000000000000000e+00 4.601165131044284706e-01
-3.500000000000000000e+00 5.000000000000000000e-01 5.195669338899657763e-01
-3.500000000000000000e+00 1.000000000000000000e+00 5.678287007500685268e-01
-3.500000000000000000e+00 1.500000000000000000e+00 6.422792663566279092e-01
-3.500000000000000000e+00 2.000000000000000000e+00 7.448902824010221746e-01
-3.500000000000000000e+00 2.500000000000000000e+00 8.898479188984932398e-01
-3.500000000000000000e+00 3.000000000000000000e+00 1.036829739132606676e+00
-3.500000000000000000e+00 3.500000000000000000e+00 1.249334194469874371e+00
-3.500000000000000000e+00 4.000000000000000000e+00 1.525545329235763026e+00
-3.000000000000000000e+00 -4.000000000000000000e+00 2.108795754408133716e-01
-3.000000000000000000e+00 -3.500000000000000000e+00 2.409212195098406895e-01
-3.000000000000000000e+00 -3.000000000000000000e+00 2.661417404895039529e-01
-3.000000000000000000e+00 -2.500000000000000000e+00 2.892347402298670600e-01
-3.000000000000000000e+00 -2.000000000000000000e+00 3.208681519739862154e-01
-3.000000000000000000e+00 -1.500000000000000000e+00 3.518979202376227300e-01
-3.000000000000000000e+00 -1.000000000000000000e+00 4.105272336508717923e-01
-3.000000000000000000e+00 -5.000000000000000000e-01 4.640953412703373027e-01
-3.000000000000000000e+00 -0.000000000000000000e+00 5.226546758635982615e-01
-3.000000000000000000e+00 5.000000000000000000e-01 5.770271813433197616e-01
-3.000000000000000000e+00 1.000000000000000000e+00 6.256378680730076969e-01
-3.000000000000000000e+00 1.500000000000000000e+00 7.192171484596345810e-01
-3.000000000000000000e+00 2.000000000000000000e+00 8.608744840280676547e-01
-3.000000000000000000e+00 2.500000000000000000e+00 1.017338393490209825e+00
-3.000000000000000000e+00 3.000000000000000000e+00 1.215896150303171108e+00
-3.000000000000000000e+00 3.500000000000000000e+00 1.471399845620649405e+00
-3.000000000000000000e+00 4.000000000000000000e+00 1.798832368883906296e+00
-2.500000000000000000e+00 -4.000000000000000000e+00 2.462211210488377267e-01
-2.500000000000000000e+00 -3.500000000000000000e+00 2.858561592516151162e-01
-2.500000000000000000e+00 -3.000000000000000000e+00 3.143120971740828717e-01
-2.500000000000000000e+00 -2.500000000000000000e+00 3.372992460896322431e-01
-2.500000000000000000e+00 -2.000000000000000000e+00 3.716007578019843161e-01
-2.500000000000000000e+00 -1.500000000000000000e+00 4.142627670905786319e-01
-2.500000000000000000e+00 -1.000000000000000000e+00 4.792731971620958764e-01
-2.500000000000000000e+00 -5.000000000000000000e-01 5.363710522283506865e-01
-2.500000000000000000e+00 -0.000000000000000000e+00 5.724541071540473203e-01
-2.500000000000000000e+00 5.000000000000000000e-01 6.254559488116612220e-01
-2.500000000000000000e+00 1.000000000000000000e+00 6.998136200559025299e-01
-2.500000000000000000e+00 1.500000000000000000e+00 8.276564209943338968e-01
-2.500000000000000000e+00 2.000000000000000000e+00 1.007035923742123140e+00
-2.500000000000000000e+00 2.500000000000000000e+00 1.203574994786349661e+00
-2.500000000000000000e+00 3.000000000000000000e+00 1.451205171393479709e+00
-2.500000000000000000e+00 3.500000000000000000e+00 1.755717594620793243e+00
-2.500000000000000000e+00 4.000000000000000000e+00 2.080176315845620572e+00
-2.000000000000000000e+00 -4.000000000000000000e+00 2.820104683137055201e-01
-2.000000000000000000e+00 -3.500000000000000000e+00 3.264841443802907195e-01
-2.000000000000000000e+00 -3.000000000000000000e+00 3.613349290163320737e-01
-2.000000000000000000e+00 -2.500000000000000000e+00 3.862238695575929137e-01
-2.000000000000000000e+00 -2.000000000000000000e+00 4.269272360759064355e-01
-2.000000000000000000e+00 -1.500000000000000000e+00 4.837296743775788554e-01
-2.000000000000000000e+00 -1.000000000000000000e+00 5.545265520375279866e-01
-2.000000000000000000e+00 -5.000000000000000000e-01 6.017982082520684228e-01
-2.000000000000000000e+00 -0.000000000000000000e+00 6.370883659286469269e-01
-2.000000000000000000e+00 5.000000000000000000e-01 6.979281549217246639e-01
-2.000000000000000000e+00 1.000000000000000000e+00 8.008744784653177851e-01
-2.000000000000000000e+00 1.500000000000000000e+00 9.578753090050089458e-01
-2.000000000000000000e+00 2.000000000000000000e+00 1.168354187778305242e+00
-2.000000000000000000e+00 2.500000000000000000e+00 1.413445947571045469e+00
-2.000000000000000000e+00 3.000000000000000000e+00 1.736080676719580884e+00
-2.000000000000000000e+00 3.500000000000000000e+00 2.070441216963402553e+00
-2.000000000000000000e+00 4.000000000000000000e+00 2.399640445121005605e+00
-1.500000000000000000e+00 -4.000000000000000000e+00 3.319102559241953188e-01
-1.500000000000000000e+00 -3.500000000000000000e+00 3.764989741666918688e-01
-1.500000000000000000e+00 -3.000000000000000000e+00 4.212293237932803192e-01
-1.500000000000000000e+00 -2.500000000000000000e+00 4.464178766132172460e-01
-1.500000000000000000e+00 -2.000000000000000000e+00 4.985063613256789372e-01
-1.500000000000000000e+00 -1.500000000000000000e+00 5.530743379503012536e-01
-1.500000000000000000e+00 -1.000000000000000000e+00 6.252636450899377030e-01
-1.500000000000000000e+00 -5.000000000000000000e-01 6.630272971440530627e-01
-1.500000000000000000e+00 -0.000000000000000000e+00 7.138877531338879701e-01
-1.500000000000000000e+00 5.000000000000000000e-01 7.991475735984530093e-01
-1.500000000000000000e+00 1.000000000000000000e+00 9.330752180589232392e-01
-1.500000000000000000e+00 1.500000000000000000e+00 1.137130582548278701e+00
-1.500000000000000000e+00 2.000000000000000000e+00 1.384681583611919731e+00
-1.500000000000000000e+00 2.500000000000000000e+00 1.686603350544275681e+00
-1.500000000000000000e+00 3.000000000000000000e+00 2.053473873521669546e+00
-1.500000000000000000e+00 3.500000000000000000e+00 2.419971622604713435e+00
-1.500000000000000000e+00 4.000000000000000000e+00 2.745478554865823373e+00
-1.000000000000000000e+00 -4.000000000000000000e+00 4.007721780496741326e-01
-1.000000000000000000e+00 -3.500000000000000000e+00 4.377691328284074590e-01
-1.000000000000000000e+00 -3.000000000000000000e+00 4.802690979038473640e-01
-1.000000000000000000e+00 -2.500000000000000000e+00 5.196336831493182373e-01
-1.000000000000000000e+00 -2.000000000000000000e+00 5.765250331722865385e-01
-1.000000000000000000e+00 -1.500000000000000000e+00 6.301257568024386524e-01
-1.000000000000000000e+00 -1.000000000000000000e+00 6.962603555776567532e-01
-1.000000000000000000e+00 -5.000000000000000000e-01 7.514430069212255647e-01
-1.000000000000000000e+00 -0.000000000000000000e+00 8.280053332828968271e-01
-1.000000000000000000e+00 5.000000000000000000e-01 9.416863201426625141e-01
-1.000000000000000000e+00 1.000000000000000000e+00 1.111492364014124101e+00
-1.000000000000000000e+00 1.500000000000000000e+00 1.354990664401948486e+00
-1.000000000000000000e+00 2.000000000000000000e+00 1.682049106501982916e+00
-1.000000000000000000e+00 2.500000000000000000e+00 2.040135658306035271e+00
-1.000000000000000000e+00 3.000000000000000000e+00 2.463583931613182454e+00
-1.000000000000000000e+00 3.500000000000000000e+00 2.829666513345389767e+00
-1.000000000000000000e+00 4.000000000000000000e+00 3.156287503882165169e+00
-5.000000000000000000e-01 -4.000000000000000000e+00 4.803518854483990186e-01
-5.000000000000000000e-01 -3.500000000000000000e+00 5.106748405708416705e-01
-5.000000000000000000e-01 -3.000000000000000000e+00 5.662028539781764902e-01
-5.000000000000000000e-01 -2.500000000000000000e+00 6.114881055011323063e-01
-5.000000000000000000e-01 -2.000000000000000000e+00 6.685658127564528819e-01
-5.000000000000000000e-01 -1.500000000000000000e+00 7.142515111042632148e-01
-5.000000000000000000e-01 -1.000000000000000000e+00 7.814182792531894073e-01
-5.000000000000000000e-01 -5.000000000000000000e-01 8.704854646707513854e-01
-5.000000000000000000e-01 -0.000000000000000000e+00 9.989650704394550385e-01
-5.000000000000000000e-01 5.000000000000000000e-01 1.160797480685670013e+00
-5.000000000000000000e-01 1.000000000000000000e+00 1.375497145310418112e+00
-5.000000000000000000e-01 1.500000000000000000e+00 1.679090577136737039e+00
-5.000000000000000000e-01 2.000000000000000000e+00 2.044720723907711424e+00
-5.000000000000000000e-01 2.500000000000000000e+00 2.475441394563069331e+00
-5.000000000000000000e-01 3.000000000000000000e+00 2.929914713849562702e+00
-5.000000000000000000e-01 3.500000000000000000e+00 3.340331427998857183e+00
-5.000000000000000000e-01 4.000000000000000000e+00 3.845929728678183945e+00
0.000000000000000000e+00 -4.000000000000000000e+00 5.806168421578069561e-01
-0.000000000000000000e+00 -3.500000000000000000e+00 6.128893763420625307e-01
0.000000000000000000e+00 -3.000000000000000000e+00 6.713033098310455804e-01
-0.000000000000000000e+00 -2.500000000000000000e+00 7.151925944301739113e-01
0.000000000000000000e+00 -2.000000000000000000e+00 7.743772528358182639e-01
-0.000000000000000000e+00 -1.500000000000000000e+00 8.293895960196602246e-01
0.000000000000000000e+00 -1.000000000000000000e+00 9.087087646959401965e-01
-0.000000000000000000e+00 -5.000000000000000000e-01 1.049151601239942000e+00
0.000000000000000000e+00 -0.000000000000000000e+00 1.230262357347401858e+00
-0.000000000000000000e+00 5.000000000000000000e-01 1.439482161884713118e+00
0.000000000000000000e+00 1.000000000000000000e+00 1.719676347833666297e+00
-0.000000000000000000e+00 1.500000000000000000e+00 2.082705030134301971e+00
0.000000000000000000e+00 2.000000000000000000e+00 2.527223289120072547e+00
-0.000000000000000000e+00 2.500000000000000000e+00 2.985863195362252753e+00
0.000000000000000000e+00 3.000000000000000000e+00 3.460495005352184794e+00
-0.000000000000000000e+00 3.500000000000000000e+00 4.049605933138454184e+00
0.000000000000000000e+00 4.000000000000000000e+00 4.757864994622567067e+00
5.000000000000000000e-01 -4.000000000000000000e+00 6.669709988770821107e-01
5.000000000000000000e-01 -3.500000000000000000e+00 7.143756620109558142e-01
5.000000000000000000e-01 -3.000000000000000000e+00 7.757310722678651960e-01
5.000000000000000000e-01 -2.500000000000000000e+00 8.276445743641414055e-01
5.000000000000000000e-01 -2.000000000000000000e+00 8.976466698023481960e-01
5.000000000000000000e-01 -1.500000000000000000e+00 9.722324116901138735e-01
5.000000000000000000e-01 -1.000000000000000000e+00 1.098086524290381671e+00
5.000000000000000000e-01 -5.000000000000000000e-01 1.250077271186447403e+00
5.000000000000000000e-01 -0.000000000000000000e+00 1.501792141660670987e+00
5.000000000000000000e-01 5.000000000000000000e-01 1.765732074480559355e+00
5.000000000000000000e-01 1.000000000000000000e+00 2.164640567860574016e+00
5.000000000000000000e-01 1.500000000000000000e+00 2.618656696968543862e+00
5.000000000000000000e-01 2.000000000000000000e+00 3.102057373299916154e+00
5.000000000000000000e-01 2.500000000000000000e+00 3.589942170656225340e+00
5.000000000000000000e-01 3.000000000000000000e+00 4.149504871098335101e+00
5.000000000000000000e-01 3.500000000000000000e+00 4.973085922934875391e+00
5.000000000000000000e-01 4.000000000000000000e+00 5.894228755629812078e+00
1.000000000000000000e+00 -4.000000000000000000e+00 7.725961425817036154e-01
1.000000000000000000e+00 -3.500000000000000000e+00 8.211437248887450968e-01
1.000000000000000000e+00 -3.000000000000000000e+00 8.834149474358250487e-01
1.000000000000000000e+00 -2.500000000000000000e+00 9.428648331086850742e-01
1.000000000000000000e+00 -2.000000000000000000e+00 1.045658267540658937e+00
1.000000000000000000e+00 -1.500000000000000000e+00 1.171075317536022897e+00
1.000000000000000000e+00 -1.000000000000000000e+00 1.343141034161436709e+00
1.000000000000000000e+00 -5.000000000000000000e-01 1.548180613120205606e+00
1.000000000000000000e+00 -0.000000000000000000e+00 1.823446122315642404e+00
1.000000000000000000e+00 5.000000000000000000e-01 2.207136094358778777e+00
1.000000000000000000e+00 1.000000000000000000e+00 2.694844767971269484e+00
1.000000000000000000e+00 1.500000000000000000e+00 3.252227116254703621e+00
1.000000000000000000e+00 2.000000000000000000e+00 3.767143421430622752e+00
1.000000000000000000e+00 2.500000000000000000e+00 4.313957593424778025e+00
1.000000000000000000e+00 3.000000000000000000e+00 5.048545313634213549e+00
1.000000000000000000e+00 3.500000000000000000e+00 6.054365966155584644e+00
1.000000000000000000e+00 4.000000000000000000e+00 7.252350232264793917e+00
1.500000000000000000e+00 -4.000000000000000000e+00 9.048091345887213643e-01
1.500000000000000000e+00 -3.500000000000000000e+00 9.669405519086494705e-01
1.500000000000000000e+00 -3.000000000000000000e+00 1.045101384272405509e+00
1.500000000000000000e+00 -2.500000000000000000e+00 1.130115092538180210e+00
1.500000000000000000e+00 -2.000000000000000000e+00 1.261488633735525555e+00
1.500000000000000000e+00 -1.500000000000000000e+00 1.419990539053802348e+00
1.500000000000000000e+00 -1.000000000000000000e+00 1.658748486383175180e+00
1.500000000000000000e+00 -5.000000000000000000e-01 1.908190501733550093e+00
1.500000000000000000e+00 -0.000000000000000000e+00 2.317782852843847330e+00
1.500000000000000000e+00 5.000000000000000000e-01 2.773565946497817514e+00
1.500000000000000000e+00 1.000000000000000000e+00 3.346693456729490812e+00
1.500000000000000000e+00 1.500000000000000000e+00 3.932128389572322913e+00
1.500000000000000000e+00 2.000000000000000000e+00 4.594721636097530926e+00
1.500000000000000000e+00 2.500000000000000000e+00 5.316942726686117560e+00
1.500000000000000000e+00 3.000000000000000000e+00 6.245934213461616480e+00
1.500000000000000000e+00 3.500000000000000000e+00 7.443590277506110020e+00
1.500000000000000000e+00 4.000000000000000000e+00 8.793176343656854854e+00
2.000000000000000000e+00 -4.000000000000000000e+00 1.096260452976298927e+00
2.000000000000000000e+00 -3.500000000000000000e+00 1.145426319605048704e+00
2.000000000000000000e+00 -3.000000000000000000e+00 1.246849986764602347e+00
2.000000000000000000e+00 -2.500000000000000000e+00 1.370119351397066199e+00
2.000000000000000000e+00 -2.000000000000000000e+00 1.535739067728298934e+00
2.000000000000000000e+00 -1.500000000000000000e+00 1.749466542391409751e+00
2.000000000000000000e+00 -1.000000000000000000e+00 2.115459215514476465e+00
2.000000000000000000e+00 -5.000000000000000000e-01 2.388909423280511035e+00
2.000000000000000000e+00 -0.000000000000000000e+00 2.921041317276267257e+00
2.000000000000000000e+00 5.000000000000000000e-01 3.498332192795557738e+00
2.000000000000000000e+00 1.000000000000000000e+00 4.113770570187677222e+00
2.000000000000000000e+00 1.500000000000000000e+00 4.871818923120632583e+00
2.000000000000000000e+00 2.000000000000000000e+00 5.638621252513277504e+00
2.000000000000000000e+00 2.500000000000000000e+00 6.551890457464409678e+00
2.000000000000000000e+00 3.000000000000000000e+00 7.633816272777033340e+00
2.000000000000000000e+00 3.500000000000000000e+00 8.885472374306644383e+00
2.000000000000000000e+00 4.000000000000000000e+00 1.054380125848938832e+01
2.500000000000000000e+00 -4.000000000000000000e+00 1.315216426826002705e+00
2.500000000000000000e+00 -3.500000000000000000e+00 1.379576770015444431e+00
2.500000000000000000e+00 -3.000000000000000000e+00 1.521567013054514028e+00
2.500000000000000000e+00 -2.500000000000000000e+00 1.666483118403440988e+00
2.500000000000000000e+00 -2.000000000000000000e+00 1.928039192344974895e+00
2.500000000000000000e+00 -1.500000000000000000e+00 2.167478558363386210e+00
2.500000000000000000e+00 -1.000000000000000000e+00 2.661920169684056425e+00
2.500000000000000000e+00 -5.000000000000000000e-01 3.161860837788570855e+00
2.500000000000000000e+00 -0.000000000000000000e+00 3.760392393397007371e+00
2.500000000000000000e+00 5.000000000000000000e-01 4.356424436672499567e+00
2.500000000000000000e+00 1.000000000000000000e+00 5.156058675554384685e+00
2.500000000000000000e+00 1.500000000000000000e+00 6.020466578453778972e+00
2.500000000000000000e+00 2.000000000000000000e+00 6.917073897548288386e+00
2.500000000000000000e+00 2.500000000000000000e+00 7.994155077537008935e+00
2.500000000000000000e+00 3.000000000000000000e+00 9.340621996728163623e+00
2.500000000000000000e+00 3.500000000000000000e+00 1.081185165558547645e+01
2.500000000000000000e+00 4.000000000000000000e+00 1.261205635281864623e+01
3.000000000000000000e+00 -4.000000000000000000e+00 1.613333685623623559e+00
3.000000000000000000e+00 -3.500000000000000000e+00 1.672914669682548983e+00
3.000000000000000000e+00 -3.000000000000000000e+00 1.871420153741016890e+00
3.000000000000000000e+00 -2.500000000000000000e+00 1.995080871026168268e+00
3.000000000000000000e+00 -2.000000000000000000e+00 2.377231587762664855e+00
3.000000000000000000e+00 -1.500000000000000000e+00 2.821821282553073296e+00
3.000000000000000000e+00 -1.000000000000000000e+00 3.390570233882308937e+00
3.000000000000000000e+00 -5.000000000000000000e-01 4.015326355254274837e+00
3.000000000000000000e+00 -0.000000000000000000e+00 4.711306858054067348e+00
3.000000000000000000e+00 5.000000000000000000e-01 5.564039525197706837e+00
3.000000000000000000e+00 1.000000000000000000e+00 6.446040242445685742e+00
3.000000000000000000e+00 1.500000000000000000e+00 7.625309843136064636e+00
3.000000000000000000e+00 2.000000000000000000e+00 8.599416020235270963e+00
3.000000000000000000e+00 2.500000000000000000e+00 9.729233811257861575e+00
3.000000000000000000e+00 3.000000000000000000e+00 1.132064757565639290e+01
3.000000000000000000e+00 3.500000000000000000e+00 1.310160393071551077e+01
3.000000000000000000e+00 4.000000000000000000e+00 1.506037622303607826e+01
3.500000000000000000e+00 -4.000000000000000000e+00 1.980998120692930353e+00
3.500000000000000000e+00 -3.500000000000000000e+00 2.131280706589058216e+00
3.500000000000000000e+00 -3.000000000000000000e+00 2.330864724569735369e+00
3.500000000000000000e+00 -2.500000000000000000e+00 2.549346523421054833e+00
3.500000000000000000e+00 -2.000000000000000000e+00 3.030387037134052886e+00
3.500000000000000000e+00 -1.500000000000000000e+00 3.540915826858386684e+00
3.500000000000000000e+00 -1.000000000000000000e+00 4.185633291121111377e+00
3.500000000000000000e+00 -5.000000000000000000e-01 5.007205948000859053e+00
3.500000000000000000e+00 -0.000000000000000000e+00 5.944640226931747762e+00
3.500000000000000000e+00 5.000000000000000000e-01 6.987352005613205463e+00
3.500000000000000000e+00 1.000000000000000000e+00 7.917866376999767475e+00
3.500000000000000000e+00 1.500000000000000000e+00 9.089091665632810901e+00
3.500000000000000000e+00 2.000000000000000000e+00 1.034966185880584533e+01
3.500000000000000000e+00 2.500000000000000000e+00 1.162275836736930579e+01
3.500000000000000000e+00 3.000000000000000000e+00 1.350872394042418279e+01
3.500000000000000000e+00 3.500000000000000000e+00 1.539780003109181550e+01
3.500000000000000000e+00 4.000000000000000000e+00 1.859965890150176904e+01
4.000000000000000000e+00 -4.000000000000000000e+00 2.403040052235732915e+00
4.000000000000000000e+00 -3.500000000000000000e+00 2.616892510824145646e+00
4.000000000000000000e+00 -3.000000000000000000e+00 2.892434416674479092e+00
4.000000000000000000e+00 -2.500000000000000000e+00 3.246439728369813871e+00
4.000000000000000000e+00 -2.000000000000000000e+00 3.771407278743613922e+00
4.000000000000000000e+00 -1.500000000000000000e+00 4.396243954889798466e+00
4.000000000000000000e+00 -1.000000000000000000e+00 5.162307581818500246e+00
4.000000000000000000e+00 -5.000000000000000000e-01 6.321425379799741506e+00
4.000000000000000000e+00 -0.000000000000000000e+00 7.407832116016138890e+00
4.000000000000000000e+00 5.000000000000000000e-01 8.562815624597158504e+00
4.000000000000000000e+00 1.000000000000000000e+00 9.437016525004619183e+00
4.000000000000000000e+00 1.500000000000000000e+00 1.077228640084458000e+01
4.000000000000000000e+00 2.000000000000000000e+00 1.234691737082669682e+01
4.000000000000000000e+00 2.500000000000000000e+00 1.381479777550577737e+01
4.000000000000000000e+00 3.000000000000000000e+00 1.586665761382882778e+01
4.000000000000000000e+00 3.500000000000000000e+00 1.883385743742261198e+01
4.000000000000000000e+00 4.000000000000000000e+00 2.243319447726353033e+01
