4.36098267548e+20 14.2970024364
4.37381055069e+20 15.7207517428
4.31892639815e+20 15.9936753366
4.28613476957e+20 14.4041400957
4.09776625017e+20 12.5613104564
3.78864822651e+20 7.95433866927
3.99524045884e+20 10.8555513299
4.22329276273e+20 13.3562492704
4.33082127746e+20 15.5106048915
4.36437946297e+20 16.0652698711
4.36046615406e+20 14.5403786514
4.14272881987e+20 12.3102947209
4.02892119373e+20 8.82285276541
3.74095938844e+20 6.52312772888
3.35672334319e+20 4.96798358838
2.83836502297e+20 3.59927478724
3.15549963997e+20 4.45729707757
3.48978222875e+20 5.79276790051
3.66681544467e+20 8.31936263543
3.97648968416e+20 11.4146859889
4.16707452532e+20 14.3882893653
4.2884764058e+20 16.040655941
4.33366770821e+20 15.4081200475
4.14329705326e+20 13.353832155
3.95079998201e+20 10.4271879901
3.79879521437e+20 7.25299267458
3.51636324538e+20 5.16957682136
3.09794436492e+20 4.06458348988
2.77726945174e+20 3.33743270207
2.49741668408e+20 2.71228226154
2.23875850888e+20 1.87434887187
2.5758307522e+20 2.40791121972
2.86039281632e+20 3.02109010149
3.19475870813e+20 3.68448847752
3.46992804424e+20 4.81540355039
3.769813636e+20 6.62403555848
3.94192338864e+20 9.32269342355
4.13160216551e+20 12.349334837
4.22367015249e+20 14.8537642363
4.1783876782e+20 16.0824725305
4.27778577444e+20 14.2005462745
4.19664429039e+20 11.6182961055
3.96023548799e+20 8.84661261607
3.61092368245e+20 6.5392563904
3.31696574808e+20 4.80575109002
3.06972966991e+20 3.67111869435
2.67806456285e+20 2.99683863358
2.31612025848e+20 2.4715841157
2.14916557298e+20 1.89428011607
1.89813452976e+20 1.27013515871
1.54715522678e+20 0.823811934234
1.85431156319e+20 1.29756807071
2.2845083829e+20 1.66021094106
2.54380360241e+20 2.2136368053
2.86921338535e+20 2.75412368351
3.19750623933e+20 3.46606951757
3.46517389692e+20 4.54879494879
3.72562440695e+20 6.088650789
3.93939259456e+20 8.36526384613
4.14341358869e+20 11.123917109
4.16828119247e+20 13.7924546839
4.222878392e+20 15.2646816173
4.12579795379e+20 14.7071023221
4.15385246336e+20 13.2015723988
4.08242583016e+20 10.8865325076
3.94000912742e+20 8.09193866294
3.66761554331e+20 6.02246614024
3.3972979166e+20 4.49124455259
3.00746587305e+20 3.4556753215
2.69508083705e+20 2.75178891111
2.45992425549e+20 2.12752413307
2.13823656044e+20 1.66122059062
1.8546685532e+20 1.20184551915
1.53217654268e+20 0.787767029391
1.13356612518e+20 0.478564754448
9.221401072e+19 0.172941211947
1.12145811687e+20 0.471343516004
1.40454715364e+20 0.877592404582
1.80839597382e+20 1.22669089532
2.31201831777e+20 1.50622936248
2.61257881393e+20 1.98667222167
2.88342644141e+20 2.67920416384
3.23879288944e+20 3.2694800279
3.43931682018e+20 4.3794355959
3.71569011632e+20 5.86510989798
3.99059269831e+20 7.46511097572
4.05315169334e+20 10.7338311345
3.99761097343e+20 12.3502106289
4.00254254908e+20 13.8188246071
4.01195790181e+20 14.1710476389
3.82983514996e+20 13.0311940214
3.78900077968e+20 12.7510882744
3.89069217575e+20 12.1948623782
3.91081906228e+20 9.94499397899
3.86187008125e+20 7.3540856517
3.71404075711e+20 5.90231965319
3.47977683403e+20 4.3523538269
3.23216701682e+20 3.56431323667
2.85904196108e+20 2.81975261178
2.62349169069e+20 2.09019786528
2.38287355256e+20 1.52717539438
2.10721973795e+20 1.11676648652
1.62050680708e+20 0.945405989757
1.29848962966e+20 0.537320764648
1.03106474826e+20 0.189412638268
8.5573936069e+19 0.036946169848
6.80242837936e+19 0.00541615044348
7.640270598e+19 0.0753693668814
9.89632053292e+19 0.320258553797
1.16193126946e+20 0.786368108755
1.58106729942e+20 1.02050631141
2.24168840864e+20 1.16535608056
2.51684299856e+20 1.76052345173
2.71806146948e+20 2.52217032344
3.05567487986e+20 3.06920211687
3.32068198614e+20 3.35113641098
3.5412719694e+20 4.08224248282
3.59476868809e+20 6.07374038172
3.84047667923e+20 6.87198700062
3.87468715397e+20 8.20198519395
3.9343515655e+20 9.63481147877
3.82332215971e+20 10.5675420029
3.65774933608e+20 11.1875071576
