-8.000000000000000000e+00 8.000000000000000000e+00 3.719467709637730756e+26 4.026639477074968054e-01
-7.000000000000000000e+00 8.000000000000000000e+00 3.548967648015142410e+26 4.011451903385097051e-01
-6.000000000000000000e+00 8.000000000000000000e+00 3.361319441677107871e+26 3.994384184139203597e-01
-5.000000000000000000e+00 8.000000000000000000e+00 3.220489487459195197e+26 3.981316300922458362e-01
-4.000000000000000000e+00 8.000000000000000000e+00 3.148230965112750847e+26 3.974520572395667251e-01
-3.000000000000000000e+00 8.000000000000000000e+00 3.152306697692342452e+26 3.974905568895338304e-01
-2.000000000000000000e+00 8.000000000000000000e+00 3.131083349439995543e+26 3.972898563649355785e-01
-1.000000000000000000e+00 8.000000000000000000e+00 3.124968842196581241e+26 3.972319310640482493e-01
0.000000000000000000e+00 8.000000000000000000e+00 3.160833670762138559e+26 3.975710375926694851e-01
1.000000000000000000e+00 8.000000000000000000e+00 3.265280163991554286e+26 3.985497460285136184e-01
2.000000000000000000e+00 8.000000000000000000e+00 3.289775960677752771e+26 3.987774179059225821e-01
3.000000000000000000e+00 8.000000000000000000e+00 3.230875999680510735e+26 3.982287978845615029e-01
4.000000000000000000e+00 8.000000000000000000e+00 3.179739414917926627e+26 3.977491613912852442e-01
5.000000000000000000e+00 8.000000000000000000e+00 2.997393706963475977e+26 3.960126252948867887e-01
6.000000000000000000e+00 8.000000000000000000e+00 2.806908007526929274e+26 3.941520718142607627e-01
7.000000000000000000e+00 8.000000000000000000e+00 2.765358585986475705e+26 3.937395289557210631e-01
8.000000000000000000e+00 8.000000000000000000e+00 2.788714884587611749e+26 3.939717383180995625e-01
8.000000000000000000e+00 7.000000000000000000e+00 2.857960832050336481e+26 3.946556118866993423e-01
7.000000000000000000e+00 7.000000000000000000e+00 2.888089159338155559e+26 3.949510646314340900e-01
6.000000000000000000e+00 7.000000000000000000e+00 3.026378169318224447e+26 3.962914710190635903e-01
5.000000000000000000e+00 7.000000000000000000e+00 3.179471547301577994e+26 3.977466406555824063e-01
4.000000000000000000e+00 7.000000000000000000e+00 3.212868095642005724e+26 3.980602489604543881e-01
3.000000000000000000e+00 7.000000000000000000e+00 3.493434225228062010e+26 4.006440392338149192e-01
2.000000000000000000e+00 7.000000000000000000e+00 3.350881565258429984e+26 3.993423437111260910e-01
1.000000000000000000e+00 7.000000000000000000e+00 3.246161946058629117e+26 3.983715686422886204e-01
-0.000000000000000000e+00 7.000000000000000000e+00 3.143244274682695063e+26 3.974049249351875868e-01
-1.000000000000000000e+00 7.000000000000000000e+00 3.188318683638155505e+26 3.978298497241676279e-01
-2.000000000000000000e+00 7.000000000000000000e+00 3.183148818882050603e+26 3.977812375974085213e-01
-3.000000000000000000e+00 7.000000000000000000e+00 3.191565156599907493e+26 3.978603597748814336e-01
-4.000000000000000000e+00 7.000000000000000000e+00 3.254721244465688942e+26 3.984513923074817776e-01
-5.000000000000000000e+00 7.000000000000000000e+00 3.270662840730938419e+26 3.985998341967169067e-01
-6.000000000000000000e+00 7.000000000000000000e+00 3.484278507605308057e+26 4.005611005589052032e-01
-7.000000000000000000e+00 7.000000000000000000e+00 3.698433837895957187e+26 4.024781675542986603e-01
-8.000000000000000000e+00 7.000000000000000000e+00 3.970556070455435609e+26 4.048489317747390182e-01
-8.000000000000000000e+00 6.000000000000000000e+00 4.206850151244694251e+26 4.068530529751214209e-01
-7.000000000000000000e+00 6.000000000000000000e+00 4.041987597793282688e+26 4.054599176596524468e-01
-6.000000000000000000e+00 6.000000000000000000e+00 3.874228726713762587e+26 4.040176851120595436e-01
-5.000000000000000000e+00 6.000000000000000000e+00 3.554942077952092855e+26 4.011989119982432017e-01
-4.000000000000000000e+00 6.000000000000000000e+00 3.338964458136704235e+26 3.992325031658279233e-01
-3.000000000000000000e+00 6.000000000000000000e+00 3.244244740689031105e+26 3.983536770568621432e-01
-2.000000000000000000e+00 6.000000000000000000e+00 3.280535729293407312e+26 3.986916180630596385e-01
-1.000000000000000000e+00 6.000000000000000000e+00 3.276390454697439929e+26 3.986530950864988765e-01
0.000000000000000000e+00 6.000000000000000000e+00 3.183428740935808825e+26 3.977838705241742434e-01
1.000000000000000000e+00 6.000000000000000000e+00 3.172975729708902350e+26 3.976854859649999185e-01
2.000000000000000000e+00 6.000000000000000000e+00 3.267119401683042937e+26 3.985668647433309175e-01
3.000000000000000000e+00 6.000000000000000000e+00 3.441791975595124900e+26 4.001750476530103184e-01
4.000000000000000000e+00 6.000000000000000000e+00 3.458947465812246475e+26 4.003311655947402459e-01
5.000000000000000000e+00 6.000000000000000000e+00 3.329179891260091825e+26 3.991421979890948935e-01
6.000000000000000000e+00 6.000000000000000000e+00 3.238086719042033993e+26 3.982961803794409228e-01
7.000000000000000000e+00 6.000000000000000000e+00 3.119335554345364148e+26 3.971785236275715003e-01
8.000000000000000000e+00 6.000000000000000000e+00 3.116053343893882544e+26 3.971473878828954973e-01
8.000000000000000000e+00 5.000000000000000000e+00 3.220866248997926020e+26 3.981351570067739321e-01
7.000000000000000000e+00 5.000000000000000000e+00 3.255033040466852096e+26 3.984542984806138666e-01
6.000000000000000000e+00 5.000000000000000000e+00 3.413967898465677463e+26 3.999211609499697673e-01
5.000000000000000000e+00 5.000000000000000000e+00 3.410092300320826297e+26 3.998857297880806794e-01
4.000000000000000000e+00 5.000000000000000000e+00 3.416680527753987997e+26 3.999459502750815076e-01
3.000000000000000000e+00 5.000000000000000000e+00 3.409838666135867248e+26 3.998834104580311077e-01
2.000000000000000000e+00 5.000000000000000000e+00 3.325307382021545747e+26 3.991064271744866887e-01
1.000000000000000000e+00 5.000000000000000000e+00 3.257247376420095300e+26 3.984749344779086044e-01
-0.000000000000000000e+00 5.000000000000000000e+00 3.264802777598003968e+26 3.985453021064989665e-01
-1.000000000000000000e+00 5.000000000000000000e+00 3.300988357505869911e+26 3.988813976774724379e-01
-2.000000000000000000e+00 5.000000000000000000e+00 3.283749884822999357e+26 3.987214742114120192e-01
-3.000000000000000000e+00 5.000000000000000000e+00 3.413552483036915483e+26 3.999173639665138391e-01
-4.000000000000000000e+00 5.000000000000000000e+00 3.583290710409684317e+26 4.014533143019161088e-01
-5.000000000000000000e+00 5.000000000000000000e+00 3.846607467140431523e+26 4.037777463274483947e-01
-6.000000000000000000e+00 5.000000000000000000e+00 4.028134763210594995e+26 4.053417831486221257e-01
-7.000000000000000000e+00 5.000000000000000000e+00 4.311476791343428581e+26 4.077253054940820909e-01
-8.000000000000000000e+00 5.000000000000000000e+00 4.429628995250312532e+26 4.086996712962198686e-01
-8.000000000000000000e+00 4.000000000000000000e+00 4.360982675483368039e+26 4.081349188276934270e-01
-7.000000000000000000e+00 4.000000000000000000e+00 4.373810550688572888e+26 4.082407369237138761e-01
-6.000000000000000000e+00 4.000000000000000000e+00 4.301006083596251840e+26 4.076384171915690691e-01
-5.000000000000000000e+00 4.000000000000000000e+00 4.210898070396877963e+26 4.068869681129839155e-01
-4.000000000000000000e+00 4.000000000000000000e+00 3.936161363566755386e+26 4.045531019701995579e-01
-3.000000000000000000e+00 4.000000000000000000e+00 3.731517986136293749e+26 4.027701845674039882e-01
-2.000000000000000000e+00 4.000000000000000000e+00 3.575162618622902078e+26 4.013804576274375702e-01
-1.000000000000000000e+00 4.000000000000000000e+00 3.425489810262371388e+26 4.000263979921302449e-01
0.000000000000000000e+00 4.000000000000000000e+00 3.363250726960802042e+26 3.994561813535993378e-01
1.000000000000000000e+00 4.000000000000000000e+00 3.318308409963475260e+26 3.990417334713713404e-01
2.000000000000000000e+00 4.000000000000000000e+00 3.328135869451136095e+26 3.991325559210013307e-01
3.000000000000000000e+00 4.000000000000000000e+00 3.292548999641964685e+26 3.988031475854790231e-01
4.000000000000000000e+00 4.000000000000000000e+00 3.284785411947798390e+26 3.987310906259756704e-01
5.000000000000000000e+00 4.000000000000000000e+00 3.468029417612800097e+26 4.004136838272762677e-01
6.000000000000000000e+00 4.000000000000000000e+00 3.668135096412594908e+26 4.022097843801342720e-01
7.000000000000000000e+00 4.000000000000000000e+00 3.513994166615306295e+26 4.008299591399475115e-01
8.000000000000000000e+00 4.000000000000000000e+00 3.405383605776752871e+26 3.998426600701818767e-01
8.000000000000000000e+00 3.000000000000000000e+00 3.611304053696253197e+26 4.017038918531584679e-01
7.000000000000000000e+00 3.000000000000000000e+00 3.736928026947778424e+26 4.028178339064003022e-01
6.000000000000000000e+00 3.000000000000000000e+00 3.725059734410049513e+26 4.027132654805472556e-01
5.000000000000000000e+00 3.000000000000000000e+00 3.571151976838605484e+26 4.013444827640603174e-01
4.000000000000000000e+00 3.000000000000000000e+00 3.395985509354130398e+26 3.997566238117087889e-01
3.000000000000000000e+00 3.000000000000000000e+00 3.365367255509492372e+26 3.994756432515675915e-01
2.000000000000000000e+00 3.000000000000000000e+00 3.396077637733657143e+26 3.997574676893376200e-01
1.000000000000000000e+00 3.000000000000000000e+00 3.405931312700906283e+26 3.998476711209444368e-01
-0.000000000000000000e+00 3.000000000000000000e+00 3.484702235718263263e+26 4.005649409555144258e-01
-1.000000000000000000e+00 3.000000000000000000e+00 3.665223653549335127e+26 4.021839468284746921e-01
-2.000000000000000000e+00 3.000000000000000000e+00 3.885486448701935242e+26 4.041152735972807775e-01
-3.000000000000000000e+00 3.000000000000000000e+00 4.068453999248308451e+26 4.056851485444205596e-01
-4.000000000000000000e+00 3.000000000000000000e+00 4.210922196442027375e+26 4.068871702098900700e-01
-5.000000000000000000e+00 3.000000000000000000e+00 4.300389867267258259e+26 4.076333009161556831e-01
-6.000000000000000000e+00 3.000000000000000000e+00 4.318926398152968545e+26 4.077870699367361906e-01
-7.000000000000000000e+00 3.000000000000000000e+00 4.286134769568763029e+26 4.075148584803310325e-01
-8.000000000000000000e+00 3.000000000000000000e+00 4.097766250165375623e+26 4.059338832587874868e-01
-8.000000000000000000e+00 2.000000000000000000e+00 3.788648226509263689e+26 4.032719265391814800e-01
-7.000000000000000000e+00 2.000000000000000000e+00 3.995240458839706266e+26 4.050605838403128489e-01
-6.000000000000000000e+00 2.000000000000000000e+00 4.223292762730347004e+26 4.069907308932730894e-01
-5.000000000000000000e+00 2.000000000000000000e+00 4.330821277455392581e+26 4.078855970549883359e-01
-4.000000000000000000e+00 2.000000000000000000e+00 4.364647833771318411e+26 4.081651663655426199e-01
-3.000000000000000000e+00 2.000000000000000000e+00 4.335771592263505616e+26 4.079265676799994633e-01
-2.000000000000000000e+00 2.000000000000000000e+00 4.168498242084366195e+26 4.065310421820019227e-01
-1.000000000000000000e+00 2.000000000000000000e+00 3.973936237746911118e+26 4.048779468475374177e-01
0.000000000000000000e+00 2.000000000000000000e+00 3.729896369967322406e+26 4.027558964784893614e-01
1.000000000000000000e+00 2.000000000000000000e+00 3.608631767482304146e+26 4.016800231879177896e-01
2.000000000000000000e+00 2.000000000000000000e+00 3.499943736905652438e+26 4.007029522913935216e-01
3.000000000000000000e+00 2.000000000000000000e+00 3.467687542762038042e+26 4.004105791803793113e-01
4.000000000000000000e+00 2.000000000000000000e+00 3.410461439918397528e+26 3.998891052179597838e-01
5.000000000000000000e+00 2.000000000000000000e+00 3.420483045114993822e+26 3.999806859015865301e-01
6.000000000000000000e+00 2.000000000000000000e+00 3.441771899650534424e+26 4.001748647709775786e-01
7.000000000000000000e+00 2.000000000000000000e+00 3.768708144857415370e+26 4.030971635814676324e-01
8.000000000000000000e+00 2.000000000000000000e+00 3.871308106044038565e+26 4.039923481835037689e-01
8.000000000000000000e+00 1.000000000000000000e+00 4.016525632751720035e+26 4.052426516520243882e-01
7.000000000000000000e+00 1.000000000000000000e+00 3.854550408109411591e+26 4.038468178840013412e-01
6.000000000000000000e+00 1.000000000000000000e+00 3.496946214484873782e+26 4.006758294201981929e-01
5.000000000000000000e+00 1.000000000000000000e+00 3.446388512350788562e+26 4.002169082996465121e-01
4.000000000000000000e+00 1.000000000000000000e+00 3.477070630998052592e+26 4.004957435292204604e-01
3.000000000000000000e+00 1.000000000000000000e+00 3.598966751311122505e+26 4.015936348753473273e-01
2.000000000000000000e+00 1.000000000000000000e+00 3.623570781995091245e+26 4.018133637624278776e-01
1.000000000000000000e+00 1.000000000000000000e+00 3.803807551194645836e+26 4.034045333747647843e-01
-0.000000000000000000e+00 1.000000000000000000e+00 4.016960145013258932e+26 4.052463641506010017e-01
-1.000000000000000000e+00 1.000000000000000000e+00 4.216231065576704857e+26 4.069316292504758792e-01
-2.000000000000000000e+00 1.000000000000000000e+00 4.308781055457088998e+26 4.077029441670129706e-01
-3.000000000000000000e+00 1.000000000000000000e+00 4.364379462968809394e+26 4.081629519389189387e-01
-4.000000000000000000e+00 1.000000000000000000e+00 4.360466154063113479e+26 4.081306552578713998e-01
-5.000000000000000000e+00 1.000000000000000000e+00 4.142728819872485616e+26 4.063139779524531647e-01
-6.000000000000000000e+00 1.000000000000000000e+00 4.028921193730109804e+26 4.053484942325604745e-01
-7.000000000000000000e+00 1.000000000000000000e+00 3.740959388444999282e+26 4.028533218117292813e-01
-8.000000000000000000e+00 1.000000000000000000e+00 3.356723343185469935e+26 3.993961290664602148e-01
-8.000000000000000000e+00 -0.000000000000000000e+00 2.838365022969513664e+26 3.944627694777190219e-01
-7.000000000000000000e+00 -0.000000000000000000e+00 3.155499639967623598e+26 3.975207034485068180e-01
-6.000000000000000000e+00 -0.000000000000000000e+00 3.489782228747174439e+26 4.006109677380777501e-01
-5.000000000000000000e+00 -0.000000000000000000e+00 3.666815444674307178e+26 4.021980742055552560e-01
-4.000000000000000000e+00 -0.000000000000000000e+00 3.976489684163811401e+26 4.048998585852216503e-01
-3.000000000000000000e+00 -0.000000000000000000e+00 4.167074525323951480e+26 4.065190644697833089e-01
-2.000000000000000000e+00 -0.000000000000000000e+00 4.288476405804725643e+26 4.075343259813395957e-01
-1.000000000000000000e+00 -0.000000000000000000e+00 4.289085950844444479e+26 4.075393927804566441e-01
0.000000000000000000e+00 -0.000000000000000000e+00 4.181811680157652223e+26 4.066429650131015427e-01
1.000000000000000000e+00 -0.000000000000000000e+00 4.068853923274011639e+26 4.056885472148838434e-01
2.000000000000000000e+00 -0.000000000000000000e+00 3.899972204096942266e+26 4.042406714088167541e-01
3.000000000000000000e+00 -0.000000000000000000e+00 3.762618738789081305e+26 4.030437170432001337e-01
4.000000000000000000e+00 -0.000000000000000000e+00 3.670345129535702877e+26 4.022293916111721046e-01
5.000000000000000000e+00 -0.000000000000000000e+00 3.541703153506725458e+26 4.010798181739502200e-01
6.000000000000000000e+00 -0.000000000000000000e+00 3.496892550397988661e+26 4.006753437571468068e-01
7.000000000000000000e+00 -0.000000000000000000e+00 3.553078186186993973e+26 4.011821560168732370e-01
8.000000000000000000e+00 -0.000000000000000000e+00 3.881297941851165163e+26 4.040789789593782766e-01
8.000000000000000000e+00 -1.000000000000000000e+00 3.803077152039562739e+26 4.033981492202914909e-01
7.000000000000000000e+00 -1.000000000000000000e+00 3.541372529554650666e+26 4.010768416190683694e-01
6.000000000000000000e+00 -1.000000000000000000e+00 3.512507808666299232e+26 4.008165333393368113e-01
5.000000000000000000e+00 -1.000000000000000000e+00 3.609858583244284335e+26 4.016909819240624402e-01
4.000000000000000000e+00 -1.000000000000000000e+00 3.621570626344095431e+26 4.017955242555677486e-01
3.000000000000000000e+00 -1.000000000000000000e+00 3.767318031919599674e+26 4.030849657623389315e-01
2.000000000000000000e+00 -1.000000000000000000e+00 4.016818953560375476e+26 4.052451578208517424e-01
1.000000000000000000e+00 -1.000000000000000000e+00 4.171030513805066397e+26 4.065523419131135130e-01
-0.000000000000000000e+00 -1.000000000000000000e+00 4.354985566712781546e+26 4.080854032260577968e-01
-1.000000000000000000e+00 -1.000000000000000000e+00 4.333667708208629497e+26 4.079091575712402440e-01
-2.000000000000000000e+00 -1.000000000000000000e+00 4.143297053255788386e+26 4.063187704628705155e-01
-3.000000000000000000e+00 -1.000000000000000000e+00 3.950799982011475190e+26 4.046791404594260455e-01
-4.000000000000000000e+00 -1.000000000000000000e+00 3.798795214372596750e+26 4.033607120957024561e-01
-5.000000000000000000e+00 -1.000000000000000000e+00 3.516363245376979308e+26 4.008513534364596120e-01
-6.000000000000000000e+00 -1.000000000000000000e+00 3.097944364923918145e+26 3.969753612694536526e-01
-7.000000000000000000e+00 -1.000000000000000000e+00 2.777269451742206348e+26 3.938580457600460716e-01
-8.000000000000000000e+00 -1.000000000000000000e+00 2.497416684075372500e+26 3.910166364872881273e-01
-8.000000000000000000e+00 -2.000000000000000000e+00 2.238758508877370255e+26 3.882748995414578297e-01
-7.000000000000000000e+00 -2.000000000000000000e+00 2.575830752203126553e+26 3.918251334682503195e-01
-6.000000000000000000e+00 -2.000000000000000000e+00 2.860392816322481447e+26 3.946795076958313775e-01
-5.000000000000000000e+00 -2.000000000000000000e+00 3.194758708129917715e+26 3.978903601016824942e-01
-4.000000000000000000e+00 -2.000000000000000000e+00 3.469928044239617710e+26 4.004309234135491335e-01
-3.000000000000000000e+00 -2.000000000000000000e+00 3.769813635997756175e+26 4.031068625967193508e-01
-2.000000000000000000e+00 -2.000000000000000000e+00 3.941923388635700227e+26 4.046027363014684797e-01
-1.000000000000000000e+00 -2.000000000000000000e+00 4.131602165505831401e+26 4.062200795532883713e-01
0.000000000000000000e+00 -2.000000000000000000e+00 4.223670152490497244e+26 4.069938882218972487e-01
1.000000000000000000e+00 -2.000000000000000000e+00 4.322367794612750583e+26 4.078155872902615720e-01
2.000000000000000000e+00 -2.000000000000000000e+00 4.222794851132145427e+26 4.069865650701472992e-01
3.000000000000000000e+00 -2.000000000000000000e+00 4.035861268364204149e+26 4.054076943283079770e-01
4.000000000000000000e+00 -2.000000000000000000e+00 4.001355507913286993e+26 4.051129317817642739e-01
5.000000000000000000e+00 -2.000000000000000000e+00 3.852182770816719177e+26 4.038262351903745828e-01
6.000000000000000000e+00 -2.000000000000000000e+00 3.728978051031843028e+26 4.027478040108620205e-01
7.000000000000000000e+00 -2.000000000000000000e+00 3.556243181696834426e+26 4.012106064875459177e-01
8.000000000000000000e+00 -2.000000000000000000e+00 3.542574167881023906e+26 4.010876592287739295e-01
8.000000000000000000e+00 -3.000000000000000000e+00 3.542715324625003271e+26 4.010889298765620836e-01
7.000000000000000000e+00 -3.000000000000000000e+00 3.631597123578231309e+26 4.018849102342242907e-01
6.000000000000000000e+00 -3.000000000000000000e+00 3.719604820664032682e+26 4.026651572991782335e-01
5.000000000000000000e+00 -3.000000000000000000e+00 3.686889727368369043e+26 4.023760188393414317e-01
4.000000000000000000e+00 -3.000000000000000000e+00 3.921750937005403409e+26 4.044288370737703087e-01
3.000000000000000000e+00 -3.000000000000000000e+00 4.137201501693716447e+26 4.062673458691126727e-01
2.000000000000000000e+00 -3.000000000000000000e+00 4.178387678202802195e+26 4.066141945641710831e-01
1.000000000000000000e+00 -3.000000000000000000e+00 4.277785774435304219e+26 4.074454115595575465e-01
-0.000000000000000000e+00 -3.000000000000000000e+00 4.196644290394661132e+26 4.067674831682484005e-01
-1.000000000000000000e+00 -3.000000000000000000e+00 3.960235487988543033e+26 4.047602768808620244e-01
-2.000000000000000000e+00 -3.000000000000000000e+00 3.610923682448504992e+26 4.017004948509790840e-01
-3.000000000000000000e+00 -3.000000000000000000e+00 3.316965748078194833e+26 3.990293164274648086e-01
-4.000000000000000000e+00 -3.000000000000000000e+00 3.069729669911162166e+26 3.967065163497216496e-01
-5.000000000000000000e+00 -3.000000000000000000e+00 2.678064562846760845e+26 3.928645613917818302e-01
-6.000000000000000000e+00 -3.000000000000000000e+00 2.316120258482256677e+26 3.891075344909418754e-01
-7.000000000000000000e+00 -3.000000000000000000e+00 2.149165572980024903e+26 3.872962544213550129e-01
-8.000000000000000000e+00 -3.000000000000000000e+00 1.898134529760679136e+26 3.844646918765871613e-01
-8.000000000000000000e+00 -4.000000000000000000e+00 1.547155226778055095e+26 3.802468551761278293e-01
-7.000000000000000000e+00 -4.000000000000000000e+00 1.854311563189722868e+26 3.839556949054319657e-01
-6.000000000000000000e+00 -4.000000000000000000e+00 2.284508382899428884e+26 3.887686526359719341e-01
-5.000000000000000000e+00 -4.000000000000000000e+00 2.543803602410324325e+26 3.914961207191412496e-01
-4.000000000000000000e+00 -4.000000000000000000e+00 2.869213385353776601e+26 3.947661065756474796e-01
-3.000000000000000000e+00 -4.000000000000000000e+00 3.197506239327409931e+26 3.979161606909474846e-01
-2.000000000000000000e+00 -4.000000000000000000e+00 3.465173896921195334e+26 4.003877482909673491e-01
-1.000000000000000000e+00 -4.000000000000000000e+00 3.725624406949342624e+26 4.027182437920850955e-01
0.000000000000000000e+00 -4.000000000000000000e+00 3.939392594564429846e+26 4.045809396629747035e-01
1.000000000000000000e+00 -4.000000000000000000e+00 4.143413588686266585e+26 4.063197532947976920e-01
2.000000000000000000e+00 -4.000000000000000000e+00 4.168281192465471152e+26 4.065292162570395829e-01
3.000000000000000000e+00 -4.000000000000000000e+00 4.222878392003948350e+26 4.069872640369330830e-01
4.000000000000000000e+00 -4.000000000000000000e+00 4.098899069446229836e+26 4.059434810331261079e-01
5.000000000000000000e+00 -4.000000000000000000e+00 4.005985961974736485e+26 4.051525485951463224e-01
6.000000000000000000e+00 -4.000000000000000000e+00 3.852157292179444185e+26 4.038260136670925315e-01
7.000000000000000000e+00 -4.000000000000000000e+00 3.669090451743456070e+26 4.022182608139350246e-01
8.000000000000000000e+00 -4.000000000000000000e+00 3.508795525119597819e+26 4.007829912182431231e-01
8.000000000000000000e+00 -5.000000000000000000e+00 3.572152818052666386e+26 4.013534617241171221e-01
7.000000000000000000e+00 -5.000000000000000000e+00 3.635966549621488704e+26 4.019238316055534499e-01
6.000000000000000000e+00 -5.000000000000000000e+00 3.651182689203083161e+26 4.020592209787012261e-01
5.000000000000000000e+00 -5.000000000000000000e+00 4.046324001345906461e+26 4.054968629232303945e-01
4.000000000000000000e+00 -5.000000000000000000e+00 4.125797953790934052e+26 4.061710554439987297e-01
3.000000000000000000e+00 -5.000000000000000000e+00 4.153852463357009031e+26 4.064077452924104161e-01
2.000000000000000000e+00 -5.000000000000000000e+00 4.082425830155439709e+26 4.058038024515659425e-01
1.000000000000000000e+00 -5.000000000000000000e+00 3.940009127417554974e+26 4.045862501328247318e-01
-0.000000000000000000e+00 -5.000000000000000000e+00 3.667615543306413949e+26 4.022051742375574168e-01
-1.000000000000000000e+00 -5.000000000000000000e+00 3.397297916599976026e+26 3.997686443131456824e-01
-2.000000000000000000e+00 -5.000000000000000000e+00 3.007465873045547384e+26 3.961096485543482704e-01
-3.000000000000000000e+00 -5.000000000000000000e+00 2.695080837047119151e+26 3.930360099082496061e-01
-4.000000000000000000e+00 -5.000000000000000000e+00 2.459924255486070190e+26 3.906264849021150454e-01
-5.000000000000000000e+00 -5.000000000000000000e+00 2.138236560435053275e+26 3.871757813298627449e-01
-6.000000000000000000e+00 -5.000000000000000000e+00 1.854668553201005941e+26 3.839598601179747273e-01
-7.000000000000000000e+00 -5.000000000000000000e+00 1.532176542677861061e+26 3.800590475158406312e-01
-8.000000000000000000e+00 -5.000000000000000000e+00 1.133566125180935649e+26 3.747681077228606217e-01
-8.000000000000000000e+00 -6.000000000000000000e+00 9.221401072003630996e+25 3.716761873126160354e-01
-7.000000000000000000e+00 -6.000000000000000000e+00 1.121458116874320006e+26 3.745972207172424406e-01
-6.000000000000000000e+00 -6.000000000000000000e+00 1.404547153637286969e+26 3.784291722903916910e-01
-5.000000000000000000e+00 -6.000000000000000000e+00 1.808395973823936893e+26 3.834173375207568513e-01
-4.000000000000000000e+00 -6.000000000000000000e+00 2.312018317773245339e+26 3.890636654437939490e-01
-3.000000000000000000e+00 -6.000000000000000000e+00 2.612578813928186851e+26 3.922006309555152725e-01
-2.000000000000000000e+00 -6.000000000000000000e+00 2.883426441407859458e+26 3.949054216764246172e-01
-1.000000000000000000e+00 -6.000000000000000000e+00 3.238792889444434920e+26 3.983027760745626034e-01
0.000000000000000000e+00 -6.000000000000000000e+00 3.439316820182809301e+26 4.001524968865449727e-01
1.000000000000000000e+00 -6.000000000000000000e+00 3.715690116315114255e+26 4.026306145504001677e-01
2.000000000000000000e+00 -6.000000000000000000e+00 3.990592698305880611e+26 4.050207742438817204e-01
3.000000000000000000e+00 -6.000000000000000000e+00 4.053151693341938013e+26 4.055549998966025971e-01
4.000000000000000000e+00 -6.000000000000000000e+00 3.997610973431876646e+26 4.050808806259127426e-01
5.000000000000000000e+00 -6.000000000000000000e+00 4.002542549081081689e+26 4.051230895848048630e-01
6.000000000000000000e+00 -6.000000000000000000e+00 4.011957901806710964e+26 4.052036145237813969e-01
7.000000000000000000e+00 -6.000000000000000000e+00 3.890622602264241150e+26 4.041597576287497273e-01
8.000000000000000000e+00 -6.000000000000000000e+00 3.714851167237463523e+26 4.026232098289837524e-01
8.000000000000000000e+00 -7.000000000000000000e+00 3.715859974682354579e+26 4.026321136676899726e-01
7.000000000000000000e+00 -7.000000000000000000e+00 3.829835149955216469e+26 4.036316994998378482e-01
6.000000000000000000e+00 -7.000000000000000000e+00 3.789000779678309037e+26 4.032750130150287160e-01
5.000000000000000000e+00 -7.000000000000000000e+00 3.890692175745739752e+26 4.041603600340111235e-01
4.000000000000000000e+00 -7.000000000000000000e+00 3.910819062279192310e+26 4.043344415807764158e-01
3.000000000000000000e+00 -7.000000000000000000e+00 3.861870081254008662e+26 4.039104170813490047e-01
2.000000000000000000e+00 -7.000000000000000000e+00 3.714040757110797089e+26 4.026160563390399072e-01
1.000000000000000000e+00 -7.000000000000000000e+00 3.479776834033719234e+26 4.005202884187716861e-01
-0.000000000000000000e+00 -7.000000000000000000e+00 3.232167016822836984e+26 3.982408666586496615e-01
-1.000000000000000000e+00 -7.000000000000000000e+00 2.859041961081139023e+26 3.946662356896720736e-01
-2.000000000000000000e+00 -7.000000000000000000e+00 2.623491690694668836e+26 3.923117317521085945e-01
-3.000000000000000000e+00 -7.000000000000000000e+00 2.382873552555057774e+26 3.898171582821283732e-01
-4.000000000000000000e+00 -7.000000000000000000e+00 2.107219737945190539e+26 3.868325465150476150e-01
-5.000000000000000000e+00 -7.000000000000000000e+00 1.620506807083428342e+26 3.811566531751523490e-01
-6.000000000000000000e+00 -7.000000000000000000e+00 1.298489629657198463e+26 3.770312767443883550e-01
-7.000000000000000000e+00 -7.000000000000000000e+00 1.031064748260528730e+26 3.732987995279933302e-01
-8.000000000000000000e+00 -7.000000000000000000e+00 8.557393606904925388e+25 3.706520287817367532e-01
-8.000000000000000000e+00 -8.000000000000000000e+00 6.802428379362727955e+25 3.677925302871443147e-01
-7.000000000000000000e+00 -8.000000000000000000e+00 7.640270598002195524e+25 3.691877567650708736e-01
-6.000000000000000000e+00 -8.000000000000000000e+00 9.896320532924961108e+25 3.726894912898836565e-01
-5.000000000000000000e+00 -8.000000000000000000e+00 1.161931269455906249e+26 3.751657758042907798e-01
-4.000000000000000000e+00 -8.000000000000000000e+00 1.581067299418693577e+26 3.806694927026702535e-01
-3.000000000000000000e+00 -8.000000000000000000e+00 2.241688408641175088e+26 3.883066393769447067e-01
-2.000000000000000000e+00 -8.000000000000000000e+00 2.516842998562241322e+26 3.912178688025436113e-01
-1.000000000000000000e+00 -8.000000000000000000e+00 2.718061469478708761e+26 3.932668629572061425e-01
0.000000000000000000e+00 -8.000000000000000000e+00 3.055674879862885575e+26 3.965722192823301628e-01
1.000000000000000000e+00 -8.000000000000000000e+00 3.320681986138308187e+26 3.990636794512946728e-01
2.000000000000000000e+00 -8.000000000000000000e+00 3.541271969404545653e+26 4.010759362692702390e-01
3.000000000000000000e+00 -8.000000000000000000e+00 3.594768688088929995e+26 4.015560816661032373e-01
4.000000000000000000e+00 -8.000000000000000000e+00 3.840476679230773498e+26 4.037243925930857902e-01
5.000000000000000000e+00 -8.000000000000000000e+00 3.874687153973038113e+26 4.040216613315135707e-01
6.000000000000000000e+00 -8.000000000000000000e+00 3.934351565502621413e+26 4.045375060375351328e-01
7.000000000000000000e+00 -8.000000000000000000e+00 3.823322159712539892e+26 4.035749152018358044e-01
8.000000000000000000e+00 -8.000000000000000000e+00 3.657749336083935305e+26 4.021175771662784393e-01
